0.003520649966147589
-0.0031144211238998067
-0.000270819228165203
0.007312119160460385
0.004468517264725788
0.3542315504400812
7.953283683141503
16.802572782667568
19.781719702098847
18.594041976980364
15.655653351387945
11.393094109681789
6.700203114421124
3.517264725795531
1.9314827352742046
1.0158429248476641
0.53906567366283
0.16655382532159782
-0.14529451591062967
-0.2761002031144211
-0.28463100880162495
-0.2381855111712932
-0.16140825998645902
-0.10074475287745431
-0.027758970886932976
0.021530128639133374
0.0992552471225457
0.15044008124576846
0.181719702098849
0.20541638456330397
0.191198375084631
0.1921462423832092
0.16939742721733242
0.13148273527420445
0.12484766418415706
0.10778605280974948
0.06607989167230872
0.11347325660121868
0.09262017603249831
0.08693297224102911
0.048070412999322944
0.030060934326337167
-0.005010155721056199
-0.028706838185511178
-0.041029113067027764
-0.05429925524712255
-0.09505754908598511
-0.1035883547731889
-0.059038591740013545
-0.0941096817874069
-0.1016926201760325
-0.09316181448882871
-0.07230873392010834
-0.11496276235612729
-0.0997968855788761
-0.08463100880162493
-0.07420446851726473
-0.09221394719025051
-0.07799593771157753
-0.08652674339878132
-0.07325660121868653
-0.08273527420446852
-0.10074475287745431
-0.0865267433987813
-0.053351387948544354
-0.07894380501015572
-0.061882193635748144
-0.05240352064996615
-0.050507786052809756
-0.03155044008124577
-0.02586323628977658
-0.021123899796885587
-0.02301963439404199
-0.0031144211238997993
0.009207853757616789
0.03195666892349356
0.007312119160460387
0.04143534190927555
0.027217332430602575
0.04996614759647935
0.05944482058226133
0.08029790115098172
0.06323628977657413
0.03764387271496276
0.05280974949221394
0.05944482058226133
0.06513202437373053
0.049018280297901146
0.05565335138794854
0.07840216655382531
0.09451591062965468
0.07366283006093431
0.10399458361543668
0.05944482058226133
0.04996614759647935
0.05660121868652674
0.034800270819228166
0.02437373053486797
0.01489505754908598
-0.011645226811103592
-0.04102911306702776
-0.041976980365605966
-0.04861205145565335
-0.04671631685849696
-0.06188219363574813
-0.06093432633716994
-0.053351387948544354
-0.03344617467840217
-0.03628977657413677
-0.06377792823290454
-0.08842247799593773
-0.05240352064996615
-0.05524712254570075
-0.04861205145565336
-0.02965470548408937
-0.03913337846987137
-0.023019634394041984
-0.03534190927555857
-0.04008124576844956
-0.035341909275558574
-0.04766418415707516
-0.061882193635748144
-0.02965470548408937
-0.029654705484089373
-0.041976980365605966
0.0006770480704129918
-0.005010155721056199
-0.0050101557210562
-0.006905890318212599
0.018686526743398775
-0.0021665538253216035
0.025321597833446167
0.009207853757616785
-0.007853757616790795
-0.0059580230196344015
-0.016384563303994588
-0.013540961408259986
-0.03155044008124577
-0.00027081922816520043
-0.003114421123899798
-0.027758970886932976
-0.041029113067027764
-0.009749492213947195
-0.03913337846987137
-0.030602572782667575
-0.041029113067027764
-0.04576844955991876
-0.02491536899119838
-0.005958023019634393
-0.007853757616790798
0.03290453622207176
-0.01733243060257279
0.019634394041976973
0.011103588354773186
0.00446851726472579
0.009207853757616785
0.01110358835477318
0.0006770480704129956
0.013947190250507783
0.02058226134055517
0.010155721056194984
0.010155721056194984
0.01489505754908598
0.04333107650643195
0.03100880162491536
0.047122545700744756
0.06797562626946513
0.04996614759647935
0.06702775897088692
0.059444820582261325
0.06228842247799593
0.06513202437373052
0.07271496276235612
0.05944482058226133
0.09546377792823289
0.06987136086662152
0.06797562626946513
0.04712254570074475
0.04712254570074475
0.04617467840216655
0.06797562626946513
0.04712254570074475
0.0746106973595125
0.03764387271496276
0.06797562626946513
0.06607989167230872
0.07555856465809072
0.04522681110358835
0.05280974949221394
0.05660121868652674
0.07081922816519973
0.05944482058226133
0.08598510494245089
0.0916723087339201
0.06607989167230872
0.0850372376438727
0.0916723087339201
0.08124576844955991
0.10115098171970209
0.057549085985104935
