-0.02411873840445269
0.014842300556586264
0.0018552875695732804
-0.018923933209647498
0.04514533085961657
0.32912801484230053
7.607915893630179
16.25034013605442
19.25034013605442
18.042547928262216
15.10575139146568
10.962028447742734
6.213976499690785
3.3213358070500925
1.783673469387755
0.9360544217687075
0.5247990105132962
0.2183055040197897
-0.014594928880643166
-0.1280148423005566
-0.18775510204081633
-0.16697588126159554
-0.13667285095856524
-0.06481137909709339
-0.017192331478045764
0.04081632653061224
0.12220160791589363
0.14471243042671614
0.23735312306740874
0.22956091527520095
0.18886827458256028
0.18886827458256028
0.20185528756957327
0.1784786641929499
0.14990723562152133
0.15163883735312303
0.14124922696351266
0.1256648113790971
0.09622758194186765
0.07111935683364254
0.05986394557823129
0.010513296227581938
-0.010265924551638843
-0.03710575139146568
-0.06307977736549164
-0.05355596784168213
-0.06307977736549165
-0.0847247990105133
-0.08039579468150897
-0.06827458256029685
-0.1150278293135436
-0.09944341372912802
-0.0821273964131107
-0.07173778602350031
-0.0691403834260977
-0.0492269635126778
-0.06134817563388991
-0.07173778602350031
-0.06481137909709339
-0.08645640074211502
-0.08818800247371676
-0.07433518862090291
-0.07952999381570809
-0.038837353123067415
-0.04662956091527519
-0.04749536178107607
-0.0440321583178726
-0.05269016697588127
-0.02152133580705009
-0.03017934446505875
-0.02325293753865182
0.026097711811997524
0.013976499690785408
0.04254792826221397
0.030426716141001852
0.06852195423623994
0.05120593692022263
0.01830550401978973
0.052937538651824365
0.07804576376004947
0.054669140383426094
0.08583797155225727
0.035621521335807045
0.051205936920222635
0.07025355596784168
0.05726654298082869
0.06765615337043908
0.052071737786023496
0.09449598021026592
0.06592455163883736
0.08497217068645639
0.08324056895485467
0.10055658627087198
0.09449598021026592
0.09795918367346938
0.04601113172541744
0.052937538651824365
0.0520717377860235
0.03129251700680272
0.035621521335807045
0.030426716141001852
0.020037105751391462
-0.018058132343846626
0.0018552875695732856
-0.03191094619666048
-0.012863327149041438
-0.014594928880643164
-0.014594928880643166
-0.019789734075448363
-0.04143475572047001
-0.04836116264687693
-0.018923933209647498
-0.014594928880643166
-0.023252937538651826
-0.03970315398886828
-0.030179344465058756
-0.009400123685837973
-0.016326530612244896
-0.03191094619666049
-0.0137291280148423
-0.05528756957328386
-0.028447742733457015
-0.023252937538651822
-0.05615337043908473
-0.016326530612244903
-0.007668521954236237
-0.024984539270253556
-0.020655534941249224
-0.04576376004947434
-0.03970315398886828
-0.007668521954236243
-0.009400123685837971
-0.015460729746444036
-0.013729128014842305
-0.006802721088435375
-0.002473716759431046
-0.021521335807050096
-0.006802721088435376
-0.03537414965986394
0.00012368583797155183
-0.03970315398886828
-0.03277674706246135
-0.04230055658627087
-0.04143475572047001
-0.04576376004947433
-0.02758194186765615
-0.018058132343846633
-0.019789734075448356
-0.008534322820037105
0.02090290661719233
0.013110698824984538
0.005318491032776747
-0.0068027210884353696
0.0001236858379715549
0.02263450834879406
0.0217687074829932
0.023500309214594926
0.04774273345701917
0.031292517006802724
0.034755720470006184
0.03995052566481137
0.04168212739641311
0.03042671614100186
0.0494743351886209
0.04341372912801484
0.035621521335807045
0.052937538651824365
0.09622758194186765
0.06332714904143476
0.058132343846629554
0.08410636982065553
0.08064316635745207
0.07198515769944341
0.08064316635745207
0.07025355596784168
0.06938775510204082
0.09969078540507112
0.07111935683364254
0.08756957328385899
0.05553494124922696
0.054669140383426094
0.09016697588126159
0.06159554730983302
0.06332714904143476
0.04514533085961657
0.04341372912801484
0.07804576376004947
0.05899814471243042
0.07111935683364254
0.02869511440940012
0.036487322201607914
0.06765615337043908
0.07025355596784168
0.04774273345701917
0.04774273345701917
0.05553494124922696
0.04514533085961657
0.09189857761286332
0.06072974644403215
0.07544836116264686
