-0.002997002997003001
-0.00474525474525475
0.010989010989010988
0.018856143856143856
0.07305194805194803
0.4751498501498501
8.926198801198801
17.259240759240758
20.215534465534464
18.903471528471528
15.816058941058941
11.52584915084915
6.7225274725274735
3.5984015984015985
1.9707792207792207
1.0293456543456543
0.5031218781218781
0.1823176823176823
-0.02397602397602398
-0.18481518481518483
-0.2293956043956044
-0.2031718281718282
-0.14547952047952048
-0.08516483516483518
-0.03096903096903097
0.03196803196803197
0.07654845154845154
0.1045204795204795
0.16046453546453546
0.1552197802197802
0.18144355644355642
0.15609390609390608
0.10626873126873125
0.10189810189810189
0.10364635364635363
0.08703796203796203
0.0984015984015984
0.05994005994005992
0.05294705294705294
0.02322677322677322
-0.01785714285714286
-0.01436063936063936
-0.043206793206793215
-0.03359140859140859
-0.058941058941058944
-0.07554945054945056
-0.08778721278721278
-0.061563436563436574
-0.05894105894105896
-0.1043956043956044
-0.127997002997003
-0.10439560439560441
-0.09478021978021978
-0.08166833166833168
-0.04757742257742259
-0.0711788211788212
-0.0641858141858142
-0.08079420579420579
-0.09215784215784217
-0.08516483516483517
-0.07292707292707291
-0.08166833166833166
-0.0772977022977023
-0.07729770229770229
-0.054570429570429575
-0.06068931068931069
-0.048451548451548455
-0.03359140859140859
-0.04495504495504496
-0.0038711288711288775
-0.037087912087912095
-0.03708791208791209
0.0066183816183816154
0.017107892107892105
-0.01261238761238762
0.009240759240759237
-0.029220779220779224
0.0004995004995004978
0.022352647352647345
0.03896103896103895
0.048576423576423576
0.013611388611388607
0.027597402597402596
0.03896103896103895
0.025849150849150848
-0.0056193806193806225
0.02759740259740259
0.003996003996003988
0.0442057942057942
-0.0056193806193806225
0.06343656343656343
0.052947052947052944
0.016233766233766232
0.01273726273726273
0.010989010989010986
-0.02397602397602398
-0.0003746253746253834
-0.02047952047952048
-0.03359140859140859
-0.04408091908091908
-0.03533966033966034
-0.02485014985014986
-0.059815184815184816
-0.06943056943056944
-0.05631868131868132
-0.0536963036963037
-0.046703296703296704
-0.06331168831168832
-0.05719280719280719
-0.07205294705294706
-0.06593406593406594
-0.06768231768231768
-0.0676823176823177
-0.07030469530469531
-0.06768231768231768
-0.09040959040959042
-0.03533966033966034
-0.06855644355644357
-0.05282217782217783
-0.10701798201798203
-0.0633116883116883
-0.07292707292707293
-0.07205294705294706
-0.04582917082917083
-0.053696303696303696
-0.04932567432567433
-0.05544455544455545
-0.03096903096903097
-0.05019980019980019
-0.07904595404595405
-0.052822177822177824
-0.05194805194805195
-0.06505994005994005
-0.06855644355644355
-0.047577422577422576
-0.054570429570429575
-0.06505994005994006
-0.040584415584415584
-0.0501998001998002
-0.04408091908091908
-0.04145854145854146
-0.03708791208791209
-0.055444555444555454
-0.0738011988011988
-0.03533966033966034
-0.04233266733266733
-0.034465534465534464
-0.03883616383616384
-0.006493506493506496
-0.026598401598401596
-0.027472527472527476
-0.009115884115884121
-0.022227772227772228
-0.008241758241758249
-0.01785714285714286
0.013611388611388607
-0.006493506493506499
0.0013736263736263664
0.021478521478521473
0.024975024975024972
0.038086913086913074
0.05207292707292707
0.03896103896103896
0.05469530469530469
0.07742257742257741
0.031093906093906092
0.07217782217782216
0.04595404595404595
0.05994005994005994
0.03808691308691309
0.06343656343656343
0.07042957042957043
0.05294705294705294
0.03633866133866133
0.021478521478521476
0.04682817182817182
0.02584915084915084
0.026723276723276717
0.025849150849150845
0.039835164835164825
0.010114885114885114
0.018856143856143856
0.030219780219780217
0.031093906093906092
0.031093906093906085
0.006618381618381616
0.03284215784215784
0.021478521478521476
0.013611388611388607
0.014485514485514488
0.029345654345654344
0.00574425574425574
0.035464535464535464
0.04682817182817182
0.0372127872127872
0.035464535464535464
0.06605894105894106
0.052947052947052944
0.04245754245754245
0.06256243756243755
