0.0032935364347468116
-0.02984767393989295
-0.0010292301358583744
0.013379991766158917
0.07822149032523673
0.6200082338410868
10.638740222313709
19.069575957184025
22.367846850555782
21.000411692054342
17.68340881020996
13.370728694936187
8.498970769864142
4.277068752573075
2.458624948538493
1.486002470152326
1.0364347468093864
0.7050226430629888
0.34767393989296
0.08254425689584191
-0.03128859613009469
-0.06875257307533963
-0.09468917249897076
-0.07739810621655001
-0.01687937422807739
0.013379991766158911
0.08686702346644712
0.15026759983532317
0.2266364759160148
0.24680938657883902
0.22519555372581307
0.19493618773157678
0.19925895430218196
0.16899958830794565
0.1372993001235076
0.07678056813503499
0.10415808974886784
0.058048579662412524
0.026348291477974482
0.019143680526965832
-0.052902428983120614
-0.058666117743927534
-0.13359407163441744
-0.14944421572663646
-0.11486208316179497
-0.10765747221078632
-0.0817208727871552
-0.07883902840675173
-0.07883902840675173
-0.08316179497735693
-0.07451626183614657
-0.04857966241251543
-0.07019349526554138
-0.0572251955537258
-0.07883902840675173
-0.07595718402634828
-0.08316179497735693
-0.09901193906957595
-0.09901193906957596
-0.12783038287361054
-0.11918484973240015
-0.11774392754219842
-0.11774392754219845
-0.1364759160148209
-0.12062577192260189
-0.10765747221078632
-0.08316179497735694
-0.10909839440098805
-0.07595718402634828
-0.04857966241251543
-0.06298888431453271
-0.003911074516261835
-0.011115685467270476
0.0018526142445450871
0.019143680526965832
0.06237134623301771
0.062371346233017703
0.011939069575957193
0.030671058048579662
0.024907369287772745
0.05084396871140387
0.006175380815150266
0.020584602717167565
0.013379991766158917
-0.015438452037875664
0.011939069575957183
0.019143680526965832
-0.009674763277068746
0.043639357760395237
-0.011115685467270472
0.019143680526965842
0.03787566899958831
0.08686702346644709
0.05084396871140388
0.042198435570193496
0.05084396871140388
0.027789213668176212
0.029230135858377942
0.0004116920543433548
0.03643474680938658
-0.028406751749691227
-0.052902428983120614
-0.055784273363524074
-0.08316179497735693
-0.0961300946891725
-0.10189378344997943
-0.08316179497735693
-0.1263894606834088
-0.06298888431453274
-0.07451626183614656
-0.1018937834499794
-0.07307533964594483
-0.06587072869493618
-0.045697818032111974
-0.055784273363524074
0.009057225195553726
-0.042815973651708514
-0.05434335117332235
-0.024083985179086047
-0.04425689584191024
-0.058666117743927534
-0.0716344174557431
-0.055784273363524074
-0.06731165088513792
-0.07019349526554136
-0.06298888431453271
-0.07595718402634828
-0.08027995059695348
-0.061547962124330995
-0.09324825030876903
-0.03993412927130506
-0.052902428983120614
-0.045697818032111974
-0.02408398517908604
-0.02408398517908604
-0.02408398517908603
-0.04425689584191024
-0.025524907369287763
0.016261836146562382
-0.015438452037875668
-0.021202140798682576
-0.03849320708110333
-0.016879374228077393
-0.03849320708110333
-0.06875257307533963
-0.038493207081103334
-0.045697818032111974
-0.039934129271305054
-0.03561136270069987
-0.0471387402223137
-0.05578427336352409
-0.013997529847673934
-0.01832029641827912
-0.009674763277068746
-0.03128859613009469
-0.01976121860848085
-0.01687937422807739
0.013379991766158917
0.010498147385755465
0.013379991766158911
0.02058460271716757
0.029230135858377932
0.043639357760395237
0.04652120214079869
0.0321119802387814
0.04796212433100041
0.01914368052696584
0.03643474680938658
0.05948950185261424
0.039316591189790036
0.03931659118979004
0.08686702346644709
0.05660765747221078
0.06093042404281597
0.09551255660765748
0.029230135858377936
0.04652120214079869
0.01914368052696583
0.07101687937422808
0.06237134623301771
0.07101687937422808
0.0566076574722108
0.06381226842321944
0.02490736928777275
0.026348291477974475
0.06813503499382463
0.04940304652120215
0.06525319061342115
0.04075751337999177
0.0566076574722108
0.05804857966241252
0.04940304652120215
0.03355290242898313
0.04508027995059696
0.058048579662412524
0.034993824619184856
0.042198435570193496
0.07245780156442981
0.058048579662412524
0.08974886784685056
