-0.013365468886941281
0.01730937773882559
-0.01489921121822962
0.026511831726555656
0.008106923751095535
0.48356704645048193
10.233567046450482
18.897677475898337
22.120070113935146
20.71056091148116
17.34706397896582
12.974364592462754
8.01270815074496
3.880806310254163
2.0878615249780896
0.8976774758983347
0.2918492550394391
-0.09005258545135846
-0.30017528483786154
-0.369193689745837
-0.39526730937773885
-0.32011393514460995
-0.217353198948291
-0.14833479404031552
-0.0425065731814198
0.024978089395267314
0.07252410166520597
0.09706397896581946
0.11546888694127956
0.15074496056091147
0.1614811568799299
0.130806310254163
0.08019281332164768
0.061787905346187555
0.03878177037686241
0.03724802804557407
0.012708150744960565
0.041849255039439086
0.02191060473269063
0.03264680105170903
0.024978089395267317
-0.07011393514460999
-0.06858019281332164
-0.08391761612620507
-0.1084574934268186
-0.14526730937773882
-0.1023225241016652
-0.11612620508326028
-0.11305872042068363
-0.14373356704645046
-0.15907099035933392
-0.1544697633654689
-0.16520595968448726
-0.18054338299737074
-0.19588080631025412
-0.1406660823838738
-0.12532865907099036
-0.17747589833479405
-0.13913234005258543
-0.16827344434706398
-0.15293602103418052
-0.19127957931638911
-0.14680105170902719
-0.1667397020157756
-0.1299298860648554
-0.09312007011393515
-0.13146362839614376
-0.11765994741454866
-0.10999123575810692
-0.11152497808939528
-0.10385626643295354
-0.06858019281332164
-0.10539000876424189
-0.06704645048203331
-0.06551270815074495
-0.04710780017528483
-0.008764241893076244
0.003505696757230501
-0.005696757230499561
-0.04250657318141981
-0.0026292725679228687
-0.030236634531113055
-0.011831726555652929
-0.007230499561787897
-0.027169149868536368
-0.04097283085013147
-0.013365468886941281
-0.017966695880806308
0.005039439088518844
-0.01643295354951796
-0.007230499561787907
-0.004163014899211209
0.018843120070113933
-0.022567922874671336
0.04031551270815075
0.04491673970201578
-0.002629272567922871
-0.014899211218229616
-0.09158632778264679
-0.0885188431200701
-0.07011393514460998
-0.11459246275197196
-0.1329973707274321
-0.09772129710780017
-0.1483347940403155
-0.1329973707274321
-0.14219982471516215
-0.14986853637160386
-0.15907099035933392
-0.1299298860648554
-0.12532865907099036
-0.1544697633654689
-0.14680105170902716
-0.13299737072743206
-0.1544697633654689
-0.10078878177037688
-0.10692375109553025
-0.11765994741454863
-0.11612620508326031
-0.11459246275197195
-0.12532865907099036
-0.1053900087642419
-0.0777826468010517
-0.10078878177037688
-0.10078878177037685
-0.1329973707274321
-0.10999123575810692
-0.12686240140227872
-0.07471516213847501
-0.12379491673970203
-0.1130587204206836
-0.12839614373356703
-0.09312007011393514
-0.10692375109553023
-0.11919368974583698
-0.10232252410166522
-0.07931638913234004
-0.09465381244522347
-0.1130587204206836
-0.1130587204206836
-0.09312007011393514
-0.09005258545135846
-0.12379491673970201
-0.08085013146362839
-0.09925503943908853
-0.1023225241016652
-0.13913234005258543
-0.14526730937773885
-0.1130587204206836
-0.13146362839614373
-0.11612620508326028
-0.09005258545135846
-0.12072743207712532
-0.10232252410166522
-0.10078878177037685
-0.06244522348816828
-0.008764241893076247
-0.025635407537248023
-0.02410166520595967
0.005039439088518846
-0.031770376862401396
-0.030236634531113048
-0.024101665205959678
-0.013365468886941276
-0.01796669588080631
-0.024101665205959674
-0.030236634531113055
0.01424189307624891
0.014241893076248905
-0.028702892199824706
0.04338299737072744
0.020376862401402285
0.015775635407537254
0.026511831726555656
0.043382997370727434
0.01884312007011394
0.014241893076248905
-0.0026292725679228717
0.026511831726555656
-0.02410166520595968
-0.03330411919368974
-0.025635407537248037
-0.03790534618755477
-0.028702892199824716
-0.024101665205959685
-0.054776511831726556
-0.02410166520595968
-0.05784399649430323
-0.030236634531113048
-0.024101665205959685
-0.033304119193689745
-0.022567922874671336
-0.027169149868536357
0.006573181419807191
-0.030236634531113048
-0.01643295354951796
0.0019719544259421615
0.024978089395267307
0.015775635407537257
0.03264680105170903
