-0.01624863685932388
0.006652126499454744
-0.020828789531079608
0.012758996728462372
0.031079607415485273
0.4570338058887677
9.273064340239912
17.64252998909487
20.48985823336968
19.257033805888764
16.169247546346785
12.076881134133043
7.29062159214831
3.736423118865867
2.082224645583424
1.0654307524536533
0.4967284623773173
0.1677208287895311
-0.09869138495092693
-0.2673936750272628
-0.248309705561614
-0.23609596510359868
-0.1841875681570338
-0.10785169029443838
-0.04754634678298801
0.0005452562704471082
0.05474372955288986
0.11123227917121048
0.11352235550708834
0.15550708833151583
0.14558342420937842
0.14711014176663031
0.14787350054525625
0.13260632497273717
0.0837513631406761
0.07993456924754634
0.06466739367502725
0.04940021810250817
0.03413304252998909
0.02649945474372955
0.016575790621592146
-0.023882224645583428
-0.05899672846237731
-0.046019629225736096
-0.08647764449291166
-0.09182115594329335
-0.10708833151581244
-0.10327153762268265
-0.07884405670665212
-0.09487459105779716
-0.07121046892039258
-0.07655398037077425
-0.10174482006543074
-0.08418756815703379
-0.11853871319520173
-0.08495092693565977
-0.09487459105779716
-0.09105779716466739
-0.07960741548527807
-0.0925845147219193
-0.1025081788440567
-0.09640130861504907
-0.10708833151581243
-0.10479825517993456
-0.08800436205016357
-0.09945474372955289
-0.09487459105779716
-0.07808069792802616
-0.09334787350054526
-0.10556161395856052
-0.06281352235550708
-0.0574700109051254
-0.06663031624863686
-0.033042529989094876
-0.038386041439476555
0.009705561613958559
-0.004034896401308617
-0.0017448200654307557
0.004362050163576883
0.019629225736095966
0.01810250817884405
-0.017775354416575795
-0.014721919302071979
0.0158124318429662
0.015812431842966195
-0.0017448200654307544
0.008178844056706654
0.008942202835332608
0.01581243184296619
0.019629225736095962
0.009705561613958559
0.018865866957470008
-0.0032715376226826643
0.0005452562704471095
-0.017775354416575795
0.014285714285714287
-0.004798255179934573
-0.013195201744820065
-0.03991275899672846
-0.02464558342420938
-0.049073064340239905
-0.052889858233369676
-0.06434023991275899
-0.07731733914940021
-0.09029443838604144
-0.0857142857142857
-0.08953107960741548
-0.08647764449291168
-0.07731733914940021
-0.11701199563794983
-0.0658669574700109
-0.09029443838604144
-0.09182115594329335
-0.06739367502726282
-0.09640130861504907
-0.0658669574700109
-0.05059978189749183
-0.060523446019629216
-0.06357688113413304
-0.07502726281352234
-0.06128680479825517
-0.08113413304252998
-0.05288985823336969
-0.0574700109051254
-0.06586695747001091
-0.05212649945474372
-0.048309705561613965
-0.03838604143947656
-0.054416575790621584
-0.04983642311886587
-0.04983642311886587
-0.03227917121046892
-0.03838604143947656
-0.058233369683751354
-0.042202835332606325
-0.07884405670665212
-0.07350054525627044
-0.05899672846237731
-0.0742639040348964
-0.06892039258451471
-0.08342420937840785
-0.062050163576881125
-0.07884405670665214
-0.09487459105779716
-0.0925845147219193
-0.09105779716466739
-0.08418756815703379
-0.09029443838604144
-0.09716466739367502
-0.07197382769901853
-0.06357688113413304
-0.059760087241003276
-0.06968375136314069
-0.043729552889858234
-0.05899672846237731
-0.06281352235550709
-0.042202835332606325
-0.05899672846237731
-0.045256270447110135
-0.047546346782988
-0.04067611777535441
-0.03533260632497273
-0.008615049073064344
0.006652126499454739
0.00436205016357688
-0.004034896401308614
-0.00861504907306434
-0.0025081788440567067
0.03794983642311886
-0.013958560523446014
0.04711014176663031
0.04329334787350054
0.06772082878953106
0.05779716466739368
0.035659760087241005
0.046346782988004355
0.018865866957470005
0.019629225736095962
-0.006324972737186479
0.011232279171210464
-0.002508178844056706
-0.006324972737186478
0.012758996728462379
0.01657579062159215
0.027262813522355506
0.008178844056706651
-0.010905125408942203
-0.020828789531079608
0.00436205016357688
0.004362050163576878
0.029552889858233358
0.0028353326063249693
-0.005561613958560526
0.018102508178844054
0.02115594329334787
0.014285714285714282
0.010468920392584515
0.01352235550708833
0.018865866957470005
0.004362050163576879
