0.009059233449477348
0.00027874564459929696
-0.001672473867595825
0.00905923344947735
0.02076655052264808
0.5729616724738675
9.914425087108013
18.210034843205573
21.238327526132405
19.960278745644597
16.82369337979094
12.620766550522648
7.666620209059233
3.926132404181185
2.1466202090592335
1.0705226480836236
0.45101045296167247
0.11442508710801393
-0.08557491289198607
-0.2075261324041812
-0.2270383275261324
-0.1997212543554007
-0.11386759581881534
-0.07777003484320558
-0.014355400696864121
0.05686411149825784
0.09979094076655051
0.1300348432055749
0.2051567944250871
0.1924738675958188
0.15637630662020904
0.14857142857142858
0.15442508710801392
0.13101045296167246
0.12125435540069686
0.10857142857142857
0.09198606271777003
0.10076655052264807
0.08125435540069685
0.03442508710801393
0.011986062717770026
-0.0026480836236933893
-0.05533101045296168
-0.057282229965156806
-0.05240418118466899
-0.08459930313588851
-0.092404181184669
-0.08947735191637632
-0.0875261324041812
-0.10313588850174217
-0.11191637630662021
-0.10118466898954705
-0.11289198606271778
-0.12167247386759583
-0.09825783972125436
-0.11874564459930313
-0.092404181184669
-0.1050871080139373
-0.11972125435540071
-0.14118466898954704
-0.12655052264808364
-0.09142857142857144
-0.10996515679442509
-0.10118466898954705
-0.11972125435540071
-0.12557491289198608
-0.08850174216027876
-0.10898954703832751
-0.13337979094076655
-0.10411149825783973
-0.08557491289198607
-0.038745644599303145
-0.030940766550522653
-0.016306620209059246
0.0178397212543554
0.0022299651567944186
-0.019233449477351918
0.027595818815331005
0.015888501742160267
0.027595818815331002
0.028571428571428564
0.019790940766550517
0.01198606271777003
0.00027874564459929826
-0.0036236933797909486
0.004181184668989541
0.039303135888501727
0.017839721254355397
0.010034843205574904
0.029547038327526122
0.04125435540069686
0.06564459930313588
0.031498257839721246
0.031498257839721246
0.026620209059233443
0.021742160278745645
0.01881533101045296
0.01393728222996515
0.018815331010452956
0.00027874564459929544
-0.012404181184669
0.001254355400696856
-0.03874564459930314
-0.039721254355400706
-0.042648083623693385
-0.061184668989547046
-0.11386759581881534
-0.10118466898954705
-0.10313588850174217
-0.08167247386759582
-0.10411149825783973
-0.10411149825783973
-0.08362369337979095
-0.10020905923344949
-0.08557491289198607
-0.10411149825783973
-0.06313588850174216
-0.08557491289198607
-0.06118466898954704
-0.08069686411149826
-0.08167247386759582
-0.0875261324041812
-0.05435540069686412
-0.055331010452961675
-0.07777003484320558
-0.0797212543554007
-0.08167247386759582
-0.10216027874564461
-0.0972822299651568
-0.07679442508710803
-0.05923344947735192
-0.09142857142857144
-0.10313588850174217
-0.10118466898954705
-0.06898954703832753
-0.054355400696864106
-0.05923344947735192
-0.07386759581881534
-0.05533101045296168
-0.08362369337979095
-0.06606271777003485
-0.0348432055749129
-0.07679442508710803
-0.04655052264808363
-0.06801393728222997
-0.092404181184669
-0.10216027874564461
-0.07777003484320558
-0.08264808362369339
-0.05435540069686412
-0.0875261324041812
-0.07581881533101047
-0.04459930313588851
-0.056306620209059244
-0.04655052264808363
-0.0299651567944251
-0.019233449477351915
-0.027038327526132406
0.011010452961672466
-0.022160278745644607
-0.031916376306620226
0.0012543554006968596
0.0012543554006968596
0.011986062717770024
-0.023135888501742165
0.005156794425087099
-0.03679442508710802
-0.028989547038327533
0.008083623693379779
0.027595818815331005
0.00808362369337978
0.04320557491289198
0.04125435540069686
0.05686411149825784
0.04125435540069686
0.027595818815331002
0.03344947735191637
0.017839721254355394
-0.0016724738675958225
0.009059233449477346
-0.0016724738675958277
0.019790940766550507
0.003205574912891976
0.005156794425087099
-0.0006968641114982684
0.009059233449477342
-0.009477351916376314
-0.0036236933797909486
-0.03191637630662022
-0.008501742160278755
-0.029965156794425095
-0.003623693379790952
-0.016306620209059243
-0.0036236933797909503
-0.021184668989547045
-0.01825783972125436
-0.008501742160278747
-0.01923344947735192
-0.0065505226480836315
0.01198606271777003
