0.0008910008910008952
-0.016780516780516775
0.008167508167508167
0.04143154143154144
0.05702405702405703
0.5060885060885061
9.953073953073954
18.501930501930506
21.485298485298486
20.143302643302647
16.922928422928422
12.673448173448174
7.838728838728838
3.96970596970597
2.2171072171072175
1.2233442233442233
0.608999108999109
0.31897831897831896
0.042471042471042476
-0.0968220968220968
-0.128007128007128
-0.15399465399465395
-0.1363231363231363
-0.10513810513810513
-0.06355806355806355
0.0008910008910008952
0.06534006534006535
0.09756459756459757
0.1401841401841402
0.18072468072468073
0.1277101277101277
0.12147312147312148
0.08197208197208197
0.07157707157707159
0.07365607365607366
0.08820908820908821
0.0798930798930799
0.08509058509058509
0.06222156222156223
0.05078705078705079
-0.011583011583011579
-0.018859518859518854
-0.017820017820017815
-0.025096525096525095
-0.057321057321057314
-0.09786159786159786
-0.06459756459756459
-0.07603207603207603
-0.09058509058509058
-0.10305910305910304
-0.0989010989010989
-0.10098010098010098
-0.11553311553311553
-0.10513810513810512
-0.08954558954558954
-0.09786159786159786
-0.0989010989010989
-0.1228096228096228
-0.11033561033561033
-0.10617760617760617
-0.10721710721710721
-0.0833085833085833
-0.0885060885060885
-0.08019008019008018
-0.09266409266409266
-0.08954558954558954
-0.11033561033561033
-0.04588654588654588
-0.05628155628155627
-0.03964953964953965
-0.04172854172854172
-0.03237303237303237
-0.0095040095040095
-0.020938520938520933
-0.02717552717552717
-0.00846450846450846
-0.011583011583011575
0.0019305019305019325
0.018562518562518567
-0.009504009504009496
0.010246510246510255
0.01960201960201961
0.01440451440451441
0.015444015444015443
-0.005346005346005339
0.01960201960201961
0.01024651024651025
0.01128601128601129
0.016483516483516484
0.02999702999703
-0.0001485001485001489
0.01336501336501337
0.0008910008910008989
-0.0022275022275022216
-0.021978021978021973
-0.00742500742500742
-0.01574101574101574
-0.006385506385506381
-0.06459756459756459
-0.04796554796554796
-0.017820017820017815
-0.058360558360558354
-0.04588654588654588
-0.0833085833085833
-0.08850608850608847
-0.0438075438075438
-0.08434808434808434
-0.07083457083457083
-0.08434808434808434
-0.05004455004455004
-0.0573210573210573
-0.054202554202554196
-0.08019008019008018
-0.07083457083457081
-0.06563706563706563
-0.059400059400059387
-0.06459756459756459
-0.06355806355806355
-0.07395307395307393
-0.10721710721710721
-0.07915057915057915
-0.07811107811107809
-0.10201960201960202
-0.07603207603207603
-0.0833085833085833
-0.11137511137511137
-0.07707157707157707
-0.055242055242055235
-0.07083457083457083
-0.057321057321057314
-0.05212355212355211
-0.06355806355806355
-0.07707157707157707
-0.054202554202554196
-0.030294030294030282
-0.07187407187407187
-0.06355806355806355
-0.054202554202554196
-0.06771606771606771
-0.053163053163053156
-0.09786159786159786
-0.05004455004455004
-0.07291357291357291
-0.06979506979506979
-0.06979506979506979
-0.06875556875556875
-0.09162459162459162
-0.07707157707157705
-0.07603207603207603
-0.07291357291357291
-0.09474309474309472
-0.057321057321057314
-0.06355806355806355
-0.04692604692604691
-0.05940005940005939
-0.04068904068904068
-0.04068904068904068
-0.04484704484704484
-0.04172854172854172
-0.01989901989901989
-0.030294030294030293
-0.02613602613602613
-0.0011880011880011818
-0.01574101574101574
-0.014701514701514694
-0.004306504306504306
0.03831303831303832
0.010246510246510252
0.037273537273537286
0.05182655182655183
0.03311553311553312
0.03727353727353728
0.02064152064152065
0.01648351648351649
0.03831303831303832
0.048708048708048714
-0.003267003267003262
0.021681021681021685
0.021681021681021692
0.042471042471042476
0.031036531036531048
0.028957528957528966
0.02168102168102169
0.004009504009504016
0.03207603207603209
0.03831303831303832
0.006088506088506094
-0.0074250074250074224
0.0019305019305019366
-0.002227502227502222
0.02999702999703
0.012325512325512331
0.04143154143154144
-0.015741015741015735
0.0071280071280071305
0.0247995247995248
-0.0022275022275022247
0.024799524799524804
0.01128601128601129
0.016483516483516487
