-0.03219871205151794
-0.005519779208831652
-0.00459981600735971
0.005519779208831645
0.04415823367065317
0.49034038638454464
9.080956761729531
17.41674333026679
20.400183992640294
19.105795768169273
16.053357865685374
11.918123275068996
7.153633854645814
3.736890524379025
2.0542778288868444
0.984360625574977
0.3827046918123275
0.010119595216191348
-0.25666973321067155
-0.3247470101195952
-0.3219871205151794
-0.2281508739650414
-0.16927322907083717
-0.08831646734130635
-0.012879484820607181
0.021159153633854642
0.05703771849126034
0.11867525298988041
0.14167433302667892
0.14811407543698252
0.1545538178472861
0.16375344986200552
0.17203311867525298
0.1499540018399264
0.12143514259429623
0.10855565777368906
0.061637534498620056
0.07635694572217111
0.05887764489420423
0.06347746090156393
0.06071757129714812
-0.002759889604415825
-0.003679852805887766
-0.031278748850046
-0.05243790248390064
-0.09015639374425023
-0.05703771849126035
-0.07267709291628335
-0.05979760809567617
-0.09659613615455381
-0.08463661453541858
-0.08555657773689053
-0.10395584176632934
-0.12603495860165592
-0.09935602575896964
-0.10671573137074516
-0.07267709291628335
-0.05887764489420423
-0.07175712971481141
-0.07083716651333946
-0.08095676172953081
-0.10671573137074516
-0.0984360625574977
-0.06991720331186753
-0.10579576816927323
-0.07543698252069918
-0.04415823367065318
-0.08095676172953081
-0.06071757129714812
-0.045078196872125116
-0.03863845446182153
-0.029438822447102123
0.0
0.005519779208831641
0.016559337626494933
0.03495860165593375
0.029438822447102112
0.027598896044158223
0.03035878564857405
0.019319227230910757
0.01931922723091076
0.010119595216191346
0.03771849126034958
0.02207911683532658
0.0202391904323827
0.037718491260349575
0.0358785648574057
0.03219871205151794
0.0202391904323827
0.05243790248390063
0.031278748850046
0.024839006439742406
0.028518859245630166
0.027598896044158227
0.031278748850045994
0.016559337626494926
0.03035878564857405
0.03311867525298987
-0.004599816007359709
-0.004599816007359709
-0.016559337626494947
-0.020239190432382714
-0.026678932842686295
-0.03771849126034959
-0.05335786568537258
-0.04415823367065318
-0.04783808647654094
-0.06807727690892364
-0.06807727690892364
-0.0671573137074517
-0.078196872125115
-0.029438822447102123
-0.06439742410303588
-0.04875804967801288
-0.04415823367065318
-0.06899724011039558
-0.05795768169273229
-0.06071757129714813
-0.04507819687212512
-0.039558417663293474
-0.050597976080956765
-0.053357865685372596
-0.05703771849126035
-0.03403863845446182
-0.04875804967801288
-0.05519779208831647
-0.041398344066237366
-0.04139834406623735
-0.04139834406623735
-0.05887764489420423
-0.037718491260349596
-0.03403863845446182
-0.03219871205151795
-0.03127874885004601
-0.034958601655933765
-0.015639374425023004
-0.05427782888684453
-0.01747930082796689
-0.024839006439742416
-0.04875804967801289
-0.027598896044158244
-0.05335786568537258
-0.034038638454461825
-0.06991720331186753
-0.03863845446182153
-0.04875804967801288
-0.034958601655933765
-0.05703771849126035
-0.006439742410303592
-0.04783808647654095
-0.03679852805887765
-0.04323827046918123
-0.00275988960441583
-0.005519779208831651
-0.029438822447102123
-0.020239190432382703
-0.015639374425023
0.016559337626494933
0.015639374425023
-0.004599816007359708
-0.008279668813247475
-0.011959521619135239
0.02575896964121434
0.022079116835326585
0.02575896964121434
0.016559337626494933
0.057957681692732285
0.05611775528978841
0.06899724011039558
0.05335786568537258
0.05611775528978839
0.0450781968721251
0.035878564857405704
0.04599816007359705
0.0404783808647654
0.05703771849126034
0.0607175712971481
0.03771849126034958
0.03035878564857405
0.05611775528978839
0.015639374425022994
0.031278748850046
0.03863845446182152
0.02207911683532658
-0.014719411223551065
0.019319227230910764
0.0202391904323827
0.018399264029438814
0.008279668813247466
0.0248390064397424
0.036798528058877636
0.03679852805887764
0.022999080036798528
0.046918123275068994
0.051517939282428704
0.022079116835326585
0.05427782888684452
0.05887764489420423
0.04415823367065318
0.027598896044158234
