-0.007248286768581974
-0.00909330521876648
0.015814443858724297
0.03334211913547706
0.06747496046389034
0.55917237743806
9.546257248286768
18.05548234053769
21.120980495519238
19.845150237216657
16.668028465998944
12.46046389035319
7.619135477069056
3.798102266736953
2.0647074327886132
1.05917237743806
0.5600948866631523
0.21415392725355822
0.011201897733263043
-0.11979441222983658
-0.19820769636267793
-0.17145492883500263
-0.1382445967316816
-0.08289404322614655
-0.02477596204533474
0.05455983131259883
0.10529783869267263
0.16433842909857668
0.1597258829731154
0.1569583552978387
0.15695835529783866
0.1283605693199789
0.12743806009488665
0.12836056931997888
0.10622034791776487
0.1117554032683184
0.08684765419082761
0.11913547706905638
0.07301001581444386
0.030574591460200314
0.020426989984185545
0.0028993147074327847
-0.023853452820242493
-0.02569847127042699
-0.05337374802319452
-0.05245123879810227
-0.06997891407485504
-0.060753821823932526
-0.09027411702688456
-0.09304164470216131
-0.08473906167633105
-0.09580917237743806
-0.09857670005271482
-0.09027411702688456
-0.05152872957301002
-0.09488666315234581
-0.08935160780179231
-0.0838165524512388
-0.12163943068002106
-0.13363205060622033
-0.12071692145492884
-0.11149182920400631
-0.11333684765419084
-0.11149182920400633
-0.13363205060622035
-0.10595677385345283
-0.10226673695308382
-0.0709014232999473
-0.07551396942540854
-0.07459146020031629
-0.04414865577227202
-0.014628360569319983
-0.0007907221929362205
0.005666842382709535
-0.016473379019504488
-0.002635740643120722
-0.025698471270426994
-0.007248286768581977
0.0075118608328940345
0.004744333157617284
-0.0026357406431207248
-0.012783342119135486
-0.003558249868212975
0.04717975751186081
0.018581971534001044
0.024117026884554558
0.03241960991038481
0.04902477596204533
0.040722192936215075
0.04164470216130732
0.025962045334739052
0.02227200843437005
0.05086979441222983
0.039799683711122816
0.037032156035846066
0.00013178703215602965
-0.0017132314180284697
0.0176594623089088
-0.018318397469688986
-0.003558249868212978
-0.06444385872430153
-0.05060622034791777
-0.07920400632577755
-0.06444385872430154
-0.08750658935160781
-0.08750658935160781
-0.08104902477596206
-0.07920400632577755
-0.08935160780179231
-0.10595677385345283
-0.07274644175013179
-0.031233526620980494
-0.06444385872430153
-0.05798629414865578
-0.05706378492356354
-0.0709014232999473
-0.06905640484976279
-0.07274644175013179
-0.06813389562467054
-0.0911966262519768
-0.09580917237743806
-0.05983131259884028
-0.09396415392725356
-0.0856615709014233
-0.08842909857670006
-0.12994201370585134
-0.06997891407485504
-0.09949920927780707
-0.08289404322614655
-0.08750658935160781
-0.05983131259884028
-0.0838165524512388
-0.08935160780179231
-0.06905640484976279
-0.07920400632577755
-0.0838165524512388
-0.07551396942540854
-0.07920400632577755
-0.08473906167633105
-0.09211913547706904
-0.06721138639957829
-0.08935160780179231
-0.08842909857670006
-0.09673168160253032
-0.09765419082762258
-0.10872430152872958
-0.10964681075382182
-0.09211913547706906
-0.06628887717448603
-0.04414865577227202
-0.05245123879810227
-0.026620980495519246
-0.04045861887190301
-0.06352134949920928
-0.03676858197153401
-0.033078545071165
-0.04138112809699526
-0.04968371112282552
-0.008170795993674226
-0.004480759093305224
-0.027543489720611495
0.004744333157617288
0.03149710068529256
0.005666842382709538
0.042567211386399566
0.052714812862414334
0.06562994201370584
0.04256721138639957
0.05455983131259883
0.08315761729045862
0.07485503426462836
0.029652082235108054
0.08315761729045862
0.04441222983658408
0.01027938850817079
0.030574591460200307
0.017659462308908795
-0.012783342119135488
-0.0063257775434897275
0.0010542962572482814
-0.027543489720611495
-0.03031101739588825
-0.0007907221929362205
0.00013178703215602718
-0.014628360569319983
-0.015550869794412234
-0.010938323668950981
-0.029388508170796
-0.029388508170796
0.025962045334739055
-0.006325777543489733
0.013969425408539796
-0.011860832894043232
0.023194517659462302
0.002899314707432781
-0.005403268318397475
-0.003558249868212978
0.05824986821296784
0.023194517659462302
0.04717975751186083
