-0.0066812439261418844
0.010325558794946553
-0.009232264334305153
0.0035228377065111764
0.08685617103984451
0.44484936831875616
8.47461127308066
16.983965014577258
19.841958211856173
18.61066569484937
15.617468415937802
11.417638483965014
6.716958211856171
3.520529640427599
1.904883381924198
1.017978620019436
0.5936588921282798
0.3334548104956268
0.08005344995140913
-0.0151846452866861
-0.05259961127308065
-0.05344995140913508
-0.01943634596695821
-0.0007288629737609318
0.05794460641399417
0.10046161321671525
0.13872691933916426
0.17274052478134114
0.22120991253644318
0.2756316812439261
0.26542759961127305
0.24331875607385808
0.21440719144800777
0.18719630709426624
0.16168610301263361
0.1166180758017493
0.09195821185617103
0.07750242954324586
0.07240038872691934
0.03328474246841594
0.016277939747327504
-0.021137026239067058
-0.05259961127308066
-0.09851797862001942
-0.10702137998056364
-0.09766763848396501
-0.08831389698736636
-0.0942662779397473
-0.04154518950437317
-0.08746355685131194
-0.09171525753158404
-0.05174927113702623
-0.06025267249757045
-0.06790573372206024
-0.026239067055393583
-0.026239067055393576
-0.037293488824101065
-0.05174927113702624
-0.06450437317784256
-0.06365403304178814
-0.08661321671525753
-0.09596695821185615
-0.1248785228377065
-0.08661321671525754
-0.07981049562682214
-0.07300777453838678
-0.04409620991253644
-0.031341107871720106
0.0018221574344023364
0.004373177842565603
0.00947521865889213
0.0315840621963071
0.017128279883381926
0.03753644314868805
0.05454324586977648
0.04518950437317785
0.07240038872691934
0.03668610301263362
0.07325072886297376
0.0477405247813411
0.03668610301263362
0.04518950437317784
0.03668610301263363
0.0239310009718173
0.01797862001943635
0.025631681243926143
0.05454324586977648
0.053692905733722054
0.04944120505344995
0.04689018464528668
0.06644800777453838
0.05454324586977648
0.08090379008746357
0.05284256559766764
0.03328474246841594
0.051992225461613216
0.051992225461613216
0.014577259475218655
-0.0007288629737609273
-0.003279883381924197
-0.02538872691933916
-0.006681243926141881
-0.05089893100097182
-0.04579689018464529
-0.06365403304178814
-0.0543002915451895
-0.0500485908649174
-0.06365403304178814
-0.03559280855199222
-0.046647230320699715
-0.04154518950437318
-0.04409620991253644
-0.020286686103012635
-0.044946550048590855
-0.030490767735665694
-0.030490767735665694
-0.04324586977648202
-0.036443148688046635
-0.05770165208940718
-0.0032798833819241966
-0.0543002915451895
-0.03729348882410107
-0.0347424684159378
-0.03559280855199222
-0.040694849368318756
-0.034742468415937804
-0.03729348882410106
-0.03729348882410106
-0.012633624878522837
-0.02198736637512147
0.005223517978620023
-0.02198736637512147
-0.02453838678328474
-0.008381924198250726
-0.026239067055393576
-0.022837706511175896
-0.030490767735665694
-0.030490767735665697
-0.045796890184645285
-0.02028668610301263
-0.007531584062196306
-0.05600097181729835
-0.04154518950437317
-0.06705539358600583
-0.03559280855199222
-0.03304178814382895
-0.04154518950437317
-0.042395529640427594
-0.025388726919339157
0.023931000971817298
-0.022837706511175903
-0.021137026239067058
-0.021137026239067054
-0.027089407191448003
-0.01433430515063168
-0.011783284742468415
0.021379980563654036
0.04433916423712342
0.03668610301263363
0.06644800777453838
0.02903304178814383
0.04008746355685131
0.08685617103984451
0.07580174927113702
0.07750242954324586
0.07410106899902819
0.04008746355685131
0.09195821185617103
0.08515549076773567
0.05879494655004859
0.07580174927113702
0.06474732750242954
0.06644800777453838
0.053692905733722054
0.038386783284742466
0.046039844509232264
0.038386783284742466
0.06304664723032069
0.06984936831875607
0.05624392614188532
0.07750242954324586
0.0553935860058309
0.06134596695821185
0.07240038872691934
0.0672983479105928
0.06389698736637511
0.055393586005830914
0.08600583090379009
0.04093780369290573
0.08005344995140913
0.0553935860058309
0.04093780369290573
0.06049562682215743
0.07325072886297376
0.07835276967930029
0.10301263362487852
0.08515549076773567
0.10641399416909621
0.09876093294460642
0.07920310981535471
