-0.011803506335705607
0.012497830237805934
0.013712897066481513
0.022218364867210558
0.04408956778337095
0.6151709772608921
9.98941156049297
18.465717757333795
21.598160041659437
20.232424926228088
16.98698142683562
12.615170977260892
7.641902447491754
3.8861308800555463
2.17896198576636
1.2263495920847074
0.6892900538101023
0.3806630793265057
0.09998264190244747
-0.055545912168026394
-0.10657871897240062
-0.17462246137823295
-0.11143898628710293
-0.07741711508418678
-0.051900711681999646
0.028293699010588428
0.09026210727304286
0.12063877798993229
0.15709078285019962
0.18746745356708905
0.16559625065092864
0.1364346467627148
0.17167158479430653
0.12185384481860786
0.09269224093039402
0.08661690678701613
0.12671411213331019
0.08540183995834055
0.09755250824509633
0.07689637215761151
0.02707863218191286
0.01249783023780594
-0.033674709251866004
-0.010588439507030032
-0.028814441937163687
-0.05919111265405311
-0.04096511022391946
-0.07255684776948446
-0.06283631314007984
-0.07012671411213331
-0.09807325117167158
-0.09685818434299602
-0.11872938725915641
-0.09321298385696929
-0.09321298385696929
-0.07377191459816004
-0.1029335184863739
-0.08106231557021351
-0.08835271654226698
-0.10657871897240064
-0.11872938725915641
-0.10171845165769833
-0.08106231557021351
-0.10657871897240064
-0.08106231557021351
-0.05433084533935081
-0.0980732511716716
-0.07863218191286236
-0.06405137996875543
-0.056760978996701975
-0.06405137996875541
-0.022739107793785802
-0.01544870682173234
-0.040965110223919465
-0.009373372678354456
0.006422496094428054
0.013712897066481515
-0.008158305849678872
-0.005728172192327727
0.005207429265752474
0.025863565353237285
0.02343343169588613
0.04165943412601978
0.007637562923103628
0.013712897066481513
0.001562228779725741
0.04165943412601978
0.05259503558409998
0.03436903315396632
0.03679916681131749
0.056240236070126716
0.07811143898628711
0.059885436556153436
0.03801423363999307
0.056240236070126716
0.047734768269397675
0.06110050338482902
0.04408956778337094
0.04287450095469537
0.010067696580454779
-0.010588439507030032
-0.004513105363652147
-0.01666377365040791
0.017358097552508243
-0.025169241451136956
-0.01666377365040792
-0.03975004339524387
-0.03245964242319042
-0.06405137996875543
-0.050685644853324066
-0.040965110223919465
-0.027599375108488117
-0.002082971706300993
-0.03731990973789273
-0.03245964242319042
-0.01666377365040791
-0.04096511022391945
-0.026384308279812533
-0.040965110223919465
-0.03610484290921715
-0.037319909737892724
-0.02759937510848811
-0.027599375108488106
-0.04825551119597291
-0.05068564485332409
-0.044610310709946185
-0.031244575594514837
-0.07984724874153792
-0.06283631314007986
-0.0543308453393508
-0.045825377538621766
-0.01544870682173234
-0.011803506335705606
-0.022739107793785802
0.0027772956084013175
-0.03002950876583926
-0.004513105363652144
-0.015448706821732338
-0.026384308279812533
-0.023954174622461383
-0.050685644853324066
-0.0008679048776254178
-0.005728172192327723
-0.06162124631140428
-0.03853497656656831
-0.022739107793785802
-0.02030897413643465
-0.04947057802464849
0.0015622287797257398
-0.07377191459816003
-0.06040617948272869
-0.009373372678354457
-0.013018573164381184
-0.005728172192327724
-0.02030897413643465
-0.003298038534976564
0.03922930046866863
0.012497830237805933
-0.015448706821732333
0.02950876583926401
0.007637562923103627
0.006422496094428043
0.02707863218191286
0.03922930046866863
0.058670369727477856
0.05016490192674882
0.058670369727477856
0.05745530289880228
0.05745530289880229
0.08540183995834055
0.05624023607012672
0.1048429092171498
0.05988543655615344
0.09026210727304286
0.07689637215761153
0.09998264190244747
0.11091824336052769
0.08175663947231382
0.10848810970317652
0.12428397847595903
0.11456344384655441
0.09269224093039402
0.09755250824509633
0.0987675750737719
0.08175663947231382
0.06231557021350459
0.06474570387085575
0.08904704044436729
0.08418677312966498
0.06717583752820691
0.030723832667939596
0.06474570387085575
0.05016490192674883
0.07689637215761151
0.018573164381183817
0.0562402360701267
0.06839090435688248
0.08054157264363825
0.09269224093039402
0.07568130532893594
