8.851688456250003e-19
-0.004584412995814229
0.006677297189555512
0.03737293203109428
0.06079330277058004
0.27885190352800476
9.526609527606139
19.124078134343232
22.186665337851306
20.66872633047638
16.81662348016743
11.478074546541759
4.879310344827585
1.400139525612916
-0.6380306956348415
-1.9741877616105241
-2.7752641020530198
-3.2342037073948573
-3.522124775762408
-3.6212876220849113
-3.597767590193343
-3.56079330277058
-3.455152481562687
-3.329679091090293
-3.1981263703408414
-3.048235997608132
-2.900239186764999
-2.762507474586406
-2.6283635638827985
-2.494119992027108
-2.394359178792107
-2.293003787123779
-2.2150687661949373
-2.120291010564082
-2.024416982260315
-1.9405022922064978
-1.8733306757026111
-1.782240382698824
-1.7207494518636635
-1.6772971895555113
-1.6321506876619494
-1.5780346820809248
-1.5422563284831572
-1.4935220251146104
-1.450169423958541
-1.396651385290014
-1.34323300777357
-1.3098465218257922
-1.2673908710384691
-1.2316125174407015
-1.1820809248554913
-1.1462029101056408
-1.0992625074745865
-1.054713972493522
-1.0044847518437312
-0.9667131752043056
-0.9329280446481961
-0.9074147897149691
-0.8706398245963723
-0.8502092884193742
-0.8120390671716166
-0.7874227626071357
-0.7563284831572653
-0.7225433526011562
-0.6935419573450269
-0.6593581821805861
-0.630057803468208
-0.5991628463225035
-0.5756428144309348
-0.5336854694040262
-0.5004983057604145
-0.4595375722543353
-0.4312338050627865
-0.3924656169025314
-0.36475981662348017
-0.33715367749651187
-0.31612517440701615
-0.28483157265297987
-0.2644010364759817
-0.2376918477177596
-0.21197927048036674
-0.20281044448873828
-0.1874626270679689
-0.16683276858680487
-0.15955750448475184
-0.14909308351604544
-0.12447677895156468
-0.1047438708391469
-0.09348216065377715
-0.07992824397050029
-0.057803468208092484
-0.045246163045644806
-0.04414989037273271
-0.025812238389475776
-0.02730715567071955
-0.01943392465616902
-0.008072553318716364
-0.018935618895754434
-0.01684273470201315
-0.013055610922862268
-0.020031891568666534
-0.028901734104046242
-0.01963324696033486
-0.02760613912696831
-0.03428343631652382
-0.038668527008172214
-0.03826988239984054
-0.04265497309148894
-0.03906717161650389
-0.037671915487343034
-0.036176998206099265
-0.03438309746860674
-0.020629858481164037
-0.01883595774367151
-0.010165437512457643
-0.010962726729120987
-0.005780346820809247
-0.004783735299980068
-0.002292206497907113
-0.005581024516643411
0.0010962726729121007
-0.0014949172812437684
0.004684074147897152
-0.0011959338249950167
-0.005082718756228821
-0.008072553318716364
-0.006976280645804261
-0.00817221447079928
-0.0013952561291608503
0.0021925453458241997
0.007175602949970105
0.012557305162447678
0.006079330277058004
0.023221048435319917
0.02760613912696831
0.01664341239784732
0.022423759218656567
0.02122782539366155
0.03378513055610923
0.027107833366553716
0.027705800279051226
0.02541359378114411
0.03388479170819215
0.035280047837353
0.031094279449870442
0.0529200717560295
0.038668527008172214
0.03846920470400638
0.05002989834562487
0.053617699820609925
0.062188558899740884
0.07444688060593982
0.0783336655371736
0.0898943591787921
0.09557504484751844
0.09986047438708393
0.11610524217659957
0.10813235000996611
0.12607135738489134
0.13274865457444687
0.13653577835359776
0.13743272872234402
0.1509866454056209
0.153278851903528
0.1547737691847718
0.16175004983057603
0.16792904125971697
0.17520430536176998
0.17689854494717958
0.18168228024715966
0.19144907315128562
0.20141518835957745
0.20679689057205503
0.20360773370540164
0.2072951963324696
0.20251146103248954
0.19703009766792903
0.1936416184971098
0.1936416184971098
0.1857683874825593
0.1791907514450867
0.17022124775762407
0.1598564879410006
0.16294598365557106
0.1610524217659956
0.15407614112019136
0.15447478572852302
0.1515846123181184
0.15038867849312337
0.15337851305561093
0.14709986047438708
0.15646800877018138
0.15288020729519633
0.16513852900139525
0.15736495913892765
0.1494917281243771
0.15895953757225434
0.1604544548534981
0.1598564879410006
0.16573649591389278
