0.0018083182640144676
-0.010849909584086796
-0.00578661844484629
0.006027727546714888
0.060880048221820374
0.46509945750452075
8.619529837251358
17.062567811934898
20.005183845690173
18.703074141048823
15.610247136829413
11.35370705244123
6.66763110307414
3.476913803496082
1.9140446051838456
1.0963230861965039
0.7376732971669681
0.5250150693188668
0.2752260397830018
0.08704038577456298
0.003496081977094635
-0.03954189270644967
-0.04038577456298976
-0.02350813743218806
0.01362266425557565
0.07353827606992165
0.11910789632308622
0.17733574442435204
0.21699819168173595
0.22796865581675704
0.22712477396021696
0.20855937311633516
0.17649186256781194
0.1359855334538879
0.12332730560578661
0.09379144062688366
0.07691380349608198
0.07775768535262206
0.09716696805304399
0.010247136829415313
0.01615430982519591
-0.052200120554550936
-0.06148282097649185
-0.09439421338155514
-0.08257986738999397
-0.06148282097649185
-0.058951175406871614
-0.0479807112718505
-0.07329716696805305
-0.05641952983725136
-0.0758288125376733
-0.0707655213984328
-0.07751657625075346
-0.07160940325497288
-0.06570223025919229
-0.06148282097649187
-0.059795057263411694
-0.09608197709463531
-0.08173598553345388
-0.123086196503918
-0.11211573236889691
-0.16021699819168173
-0.1399638336347197
-0.11211573236889691
-0.12561784207353827
-0.09523809523809523
-0.10367691380349608
-0.09861362266425558
-0.0867992766726944
-0.10030138637733575
-0.03447860156720916
-0.011693791440626882
0.0026522001205545563
-0.005786618444846288
-0.004098854731766124
0.018685955394816156
0.004339963833634719
0.007715491259795063
0.008559373116335147
-0.0032549728752260393
0.00855937311633515
0.015310427968655825
-0.01844484629294756
-0.0024110910186859492
-0.004942736588306209
0.014466546112115737
0.002652200120554555
0.021217600964436405
0.010247136829415308
0.03471971066907776
0.01362266425557565
0.027124773960217
0.016154309825195896
0.027968655816757084
0.01024713682941531
0.03134418324291743
0.01024713682941531
0.020373719107896326
0.0034960819770946377
-0.01338155515370705
-0.0268836648583484
-0.026039783001808314
-0.027727546714888484
-0.04122965641952984
-0.04038577456298976
-0.06654611211573236
-0.05810729355033153
-0.08933092224231465
-0.07920433996383362
-0.07329716696805304
-0.07920433996383362
-0.10198915009041591
-0.08342374924653405
-0.08089210367691381
-0.06317058468957204
-0.05557564798071126
-0.05810729355033153
-0.08342374924653405
-0.07160940325497288
-0.05979505726341169
-0.057263411693791434
-0.04544906570223025
-0.06317058468957203
-0.0808921036769138
-0.09186256781193489
-0.07160940325497286
-0.06148282097649185
-0.09186256781193489
-0.08257986738999397
-0.07414104882459312
-0.053044002411091015
-0.07245328511151296
-0.06401446654611212
-0.04460518384569018
-0.0648583484026522
-0.05726341169379144
-0.07245328511151296
-0.042917420132610004
-0.05473176612417118
-0.04882459312839059
-0.08848704038577455
-0.07582881253767329
-0.0640144665461121
-0.057263411693791434
-0.0589511754068716
-0.08764315852923447
-0.08342374924653406
-0.05641952983725136
-0.08764315852923449
-0.0699216395418927
-0.04122965641952984
-0.06907775768535261
-0.04629294755877035
-0.05135623869801084
-0.026039783001808314
-0.04291742013261
-0.05641952983725135
-0.025195901145268235
-0.024352019288728148
-0.027727546714888484
-0.05473176612417119
-0.026039783001808314
-0.03954189270644967
-0.030259192284508744
0.011091018685955393
-0.008318264014466548
-0.015069318866787218
-0.012537673297166966
0.007715491259795061
0.011934900542495479
0.0034960819770946364
0.029656419529837254
0.0380952380952381
0.029656419529837254
0.06594333936106088
0.0600361663652803
0.006871609403254975
0.04147076552139844
0.030500301386377333
0.013622664255575645
0.03303194695599759
0.009403254972875226
0.0009644364074743877
0.0051838456901748065
-0.006630500301386373
0.0068716094032549736
-0.003254972875226038
0.005183845690174805
-0.013381555153707052
-0.015913200723327307
0.0043399638336347225
0.027968655816757084
0.011091018685955398
0.027124773960216994
-0.01000602772754671
0.022905364677516582
0.011091018685955398
0.02796865581675709
0.02374924653405666
0.03978300180831826
