0.0013315579227696417
-0.011984021304926764
-0.008655126498002668
0.010652463382157121
0.0013315579227696362
0.3588548601864181
8.430093209054593
17.17376830892144
20.058588548601865
18.838881491344875
15.803595206391478
11.665113182423436
6.822902796271638
3.5978695073235687
1.966711051930759
1.0725699067909453
0.5725699067909454
0.2623169107856192
0.003994673768308924
-0.10985352862849534
-0.15579227696404793
-0.1418109187749667
-0.10785619174434088
-0.04061251664447404
-0.007323568575233025
0.06191744340878827
0.10785619174434088
0.17243675099866845
0.19241011984021306
0.21571238348868177
0.21904127829560585
0.18308921438082557
0.18175765645805592
0.14447403462050598
0.10319573901464714
0.10585885486018642
0.10918774966711052
0.061917443408788284
0.0825565912117177
0.05459387483355526
0.005992010652463378
-0.014647137150466047
-0.03462050599201065
-0.10452729693741677
-0.10053262316910785
-0.1218375499334221
-0.11318242343541944
-0.11651131824234354
-0.10918774966711052
-0.09587217043941411
-0.08388814913448735
-0.09986684420772303
-0.09320905459387484
-0.10452729693741677
-0.10053262316910785
-0.10186418109187749
-0.09720372836218376
-0.10652463382157124
-0.07123834886817576
-0.07856191744340879
-0.1051930758988016
-0.14380825565912117
-0.12050599201065246
-0.13382157123834887
-0.11717709720372836
-0.1218375499334221
-0.10319573901464714
-0.10585885486018642
-0.08988015978695073
-0.07390146471371505
-0.0525965379494008
-0.046604527296937426
-0.06391478029294274
-0.025965379494007994
-0.005326231691078567
-0.01464713715046605
0.024633821571238345
0.015312916111850863
0.030625832223701726
0.018641810918774968
-0.004660452729693744
0.02529960053262317
0.0026631158455392764
0.010652463382157125
0.0033288948069240994
0.013981358189081222
0.02663115845539281
0.025299600532623163
-0.013981358189081229
0.033288948069241
0.023968042609853524
0.04260985352862849
0.03262316910785619
0.030625832223701722
0.04860186418109188
0.018641810918774964
0.02729693741677763
-0.0019973368841544703
-0.017310252996005332
-0.007323568575233023
-0.0426098535286285
-0.06125166444740346
-0.07323568575233022
-0.08988015978695073
-0.08788282290279627
-0.08588548601864181
-0.08388814913448735
-0.11451398135818908
-0.07523302263648468
-0.09454061251664447
-0.11384820239680427
-0.09920106524633822
-0.08854860186418109
-0.07723035952063914
-0.07390146471371505
-0.07789613848202395
-0.10186418109187749
-0.08655126498002663
-0.08588548601864181
-0.08788282290279627
-0.07656458055925433
-0.07323568575233022
-0.07523302263648468
-0.0985352862849534
-0.09720372836218376
-0.11451398135818908
-0.09121171770972038
-0.1085219707057257
-0.09653794940079893
-0.09254327563249001
-0.08788282290279627
-0.07456724367509987
-0.06324900133155792
-0.0492676431424767
-0.05059920106524634
-0.05126498002663116
-0.04061251664447404
-0.08655126498002663
-0.06324900133155793
-0.06324900133155792
-0.07190412782956059
-0.0792276964047936
-0.08921438082556592
-0.10918774966711052
-0.1151797603195739
-0.09320905459387484
-0.10585885486018642
-0.08854860186418109
-0.08721704394141146
-0.05525965379494008
-0.08189081225033289
-0.029960053262316915
-0.04860186418109188
-0.0492676431424767
-0.02463382157123835
-0.020639147802929435
-0.043275632490013316
-0.031291611185086554
-0.019307589880159792
-0.021970705725699067
-0.02996005326231691
-0.018641810918774968
-0.03262316910785619
-0.0392809587217044
0.007989347536617845
0.00932090545938748
0.003994673768308915
0.0033288948069241007
-0.01531291611185087
0.017310252996005325
0.021304926764314242
0.01864181091877496
0.031957390146471365
0.03195739014647137
0.0525965379494008
0.07123834886817576
0.06790945406125166
0.04460719041278296
0.027962716378162444
0.022636484687083888
0.01198402130492676
0.023302263648468702
0.01731025299600532
0.021970705725699067
-0.0026631158455392855
-0.007323568575233023
0.006657789613848198
-0.005326231691078563
-0.017310252996005332
0.009320905459387482
-0.002663115845539282
-0.013981358189081234
-4.730644046338883e-18
0.003328894806924099
-0.010652463382157126
0.027962716378162444
0.025965379494007984
0.03262316910785619
0.029294274300932087
0.04593874833555259
