-0.004931261207411836
-0.01434548714883443
-0.020621637776449493
-0.011207411835026899
0.0034369396294082494
0.28481769276748353
9.17080095636581
18.213687985654513
21.482516437537356
20.21682606096832
16.976240286909743
12.644650328750746
7.709503885236103
3.942767483562463
2.2659892408846387
1.3015540944411237
0.7597130902570233
0.41243275552898984
0.17707710699342497
-0.027943813508667065
-0.12313209802749553
-0.12940824865511058
-0.1105797967722654
-0.10325762104004782
-0.08861326957561268
0.011805140466228327
0.0191273161984459
0.09339509862522415
0.1205917513448894
0.11536162582187685
0.11745367603108188
0.10803945008965929
0.13523610280932455
0.09653317393903167
0.07561267184698146
0.09967124925283921
0.06619844590555887
0.07142857142857142
0.07247459653317392
0.0484160191273162
0.058876270173341294
0.0086670651524208
-0.0028392109982068154
-0.04049611476389719
-0.07919904363419007
-0.06455469216975493
-0.11685594739988046
-0.06560071727435744
-0.05723251643753736
-0.06769276748356247
-0.09907352062163778
-0.08965929468021519
-0.08338314405260012
-0.09698147041243277
-0.08652121936640766
-0.08547519426180515
-0.0614166168559474
-0.06873879258816498
-0.03840406455469216
-0.08652121936640765
-0.09488942020322774
-0.10953377166766287
-0.10534967124925285
-0.10221159593544532
-0.11999402271368799
-0.07815301852958756
-0.07919904363419009
-0.09384339509862523
-0.05409444112372983
-0.0614166168559474
-0.013299462044231922
-0.013299462044231927
-0.023759713090257026
0.011805140466228325
0.014943215780035863
0.036909742976688587
0.0379557680812911
0.06829049611476389
0.04423191870890616
0.03167961745367603
0.03167961745367603
0.004482964734010752
0.009713090257023308
0.043185893604303645
-0.009115361625821881
0.03063359234907351
0.04841601912731619
0.025403466826060962
0.024357441721458456
0.025403466826060962
0.014943215780035858
0.048416019127316204
0.05573819485953377
0.040047818290496105
0.03586371787208607
0.019127316198445907
0.009713090257023306
-0.035265989240884636
-0.012253436939629412
-0.021667662881052006
-0.02585176329946204
-0.04258816497310222
-0.03212791392707711
-0.07710699342498505
-0.05304841601912732
-0.06873879258816497
-0.08861326957561268
-0.08338314405260012
-0.07710699342498506
-0.07710699342498506
-0.0802450687387926
-0.07919904363419009
-0.06037059175134489
-0.06455469216975493
-0.047818290496114774
-0.025851763299462045
-0.07396891811117753
-0.0509563658099223
-0.058278541542139864
-0.05827854154213987
-0.06873879258816497
-0.07187686790197251
-0.0624626419605499
-0.07083084279737001
-0.05827854154213987
-0.052002390914524806
-0.06769276748356247
-0.0404961147638972
-0.03840406455469217
-0.04572624028690975
-0.050956365809922285
-0.030035863717872088
-0.05723251643753736
-0.04154213986849971
-0.03735803945008967
-0.04049611476389719
-0.05304841601912731
-0.025851763299462045
-0.04049611476389719
-0.05827854154213987
-0.0415421398684997
-0.07292289300657502
-0.055140466228332345
-0.06873879258816498
-0.07606096832038256
-0.07396891811117753
-0.07292289300657502
-0.03631201434548715
-0.03317393903167962
-0.042588164973102215
-0.044680215182307234
-0.013299462044231918
-0.021667662881052003
-0.02898983861326958
-0.025851763299462042
-0.022713687985654513
-0.04049611476389719
-0.010161386730424384
-0.03840406455469217
-0.0038852361028093277
0.000298864315600719
0.0023909145248057363
-0.011207411835026904
0.01808129109384339
0.042139868499701125
0.052600119545726236
0.04841601912731619
0.04109384339509862
0.04213986849970113
0.06410639569635386
0.0484160191273162
0.041093843395098625
0.07142857142857144
0.057830245068738795
0.05155409444112372
0.06724447101016137
0.08293484757919904
0.06515242080095636
0.050508069336521216
0.03481769276748356
0.027495517035265985
0.03481769276748355
0.032725642558278534
0.017035265989240867
0.025403466826060966
0.00971309025702331
0.04841601912731619
0.022265391512253437
0.00971309025702331
0.022265391512253433
0.0285415421398685
0.04423191870890615
0.0390017931858936
0.04527794381350866
0.035863717872086066
0.024357441721458456
0.026449491930663475
0.03063359234907352
0.023311416616855946
0.010759115361625823
