-0.01871490954460387
0.0031191515907673167
-0.015221459762944482
0.017966313162819714
0.07036805988771054
0.479101684341859
7.907922645040548
15.893948845913911
18.661634435433562
17.58390517779164
14.86862133499688
10.909669369931379
6.473861509669371
3.5664379288833437
2.0476606363069245
1.1437305053025575
0.6074859638178415
0.2642545227698066
0.03980037429819089
-0.1339987523393637
-0.15670617592014974
-0.12963194011228946
-0.09644416718652525
-0.0641297567061759
-0.0082345601996257
0.04766063630692452
0.12014971927635681
0.1559575795383656
0.1847785402370555
0.20573923892701185
0.19176543980037428
0.1681846537741734
0.14722395508421707
0.12888334373050528
0.16119775421085464
0.13499688084840922
0.11490954460386774
0.13587024329382408
0.10792264504054898
0.056394260761072984
0.023206487835308792
0.0022457891453524716
-0.027448533998752335
-0.006487835308796004
-0.008234560199625695
-0.04142233312538989
-0.04753587024329382
-0.06500311915159075
-0.06500311915159075
-0.0824703680598877
-0.08159700561447285
-0.05626949469744229
-0.06849656893325015
-0.0658764815970056
-0.06674984404242044
-0.04753587024329382
-0.04666250779787896
-0.07985028072364315
-0.07024329382407986
-0.05888958203368683
-0.08858390517779163
-0.05976294447910167
-0.069369931378665
-0.07723019338739862
-0.07635683094198377
-0.04840923268870866
-0.06849656893325015
-0.05801621958827198
-0.05626949469744229
-0.031815346225826574
-0.02832189644416719
0.007485963817841551
-0.036182158452900806
-0.00736119775421085
0.017092950717404874
0.016219588271990028
0.008359326263256398
0.037180286961946356
0.03194011228945727
0.04940736119775421
0.04154709918902059
0.046787273861509666
0.04329382407985029
0.040673736743605735
0.031066749844042417
0.05202744853399875
0.06250779787897692
0.04940736119775421
0.05028072364316906
0.04678727386150967
0.05726762320648783
0.06338116032439177
0.06512788521522148
0.07124142233312539
0.07910168434185902
0.04853399875233936
0.020586400499064263
0.003992514036182157
0.01883967560823456
0.03194011228945726
0.001372426699937623
-0.008234560199625696
-0.007361197754210852
-0.024828446662507796
-0.04666250779787896
-0.015221459762944475
-0.044042420461634424
-0.024828446662507796
-0.03792888334373049
-0.032688708671241413
-0.05714285714285715
-0.03530879600748596
-0.02832189644416718
-0.032688708671241413
-0.027448533998752335
-0.030941983780411724
-0.04666250779787896
-0.03443543356207111
-0.0396756082345602
-0.027448533998752335
-0.04753587024329382
-0.030941983780411724
-0.002994385527136613
-0.051029320024953216
0.007485963817841555
-0.017841547099189017
-0.03443543356207111
-0.030941983780411724
-0.01347473487211478
-0.03967560823456019
0.008359326263256393
-0.012601372426699932
-0.0230817217716781
0.013599500935745483
-0.004741110417966309
-0.0230817217716781
-0.009107922645040546
-0.01958827199001871
-0.031815346225826574
-0.04404242046163443
-0.03443543356207111
-0.05539613225202744
-0.03268870867124142
-0.037055520898315646
-0.02570180910792264
-0.03443543356207111
-0.015221459762944478
-0.020461634435433553
-0.034435433562071106
0.003992514036182163
-0.003867747972551463
-0.01958827199001871
-0.009981285090455394
-0.00736119775421085
0.0232064878353088
-0.015221459762944475
-0.015221459762944468
0.028446662507797878
0.016219588271990024
0.02582657517155335
0.006612601372426704
0.022333125389893953
-0.0012476606363069202
0.05988771054273238
0.05115408608858391
0.0546475358702433
0.06163443543356208
0.08172177167810357
0.07648159700561448
0.07560823456019963
0.067747972551466
0.10530255770430443
0.10093574547723021
0.08172177167810357
0.0729881472239551
0.08521522145976296
0.05901434809731754
0.07473487211478479
0.07560823456019963
0.07036805988771055
0.041547099189020595
0.046787273861509666
0.01971303805364941
0.02932002495321273
0.015346225826575176
0.02669993761696818
0.021459762944479103
0.006612601372426702
0.016219588271990017
0.04329382407985028
0.04766063630692453
0.03892701185277604
0.05901434809731754
0.06949469744229571
0.058140985651902684
0.03630692451653151
0.06949469744229571
0.030193387398627577
0.07036805988771055
0.07560823456019963
