-0.01426852329379405
0.019425820869864194
-0.0010314595152140257
0.006188757091284171
0.01701908200103146
0.3948770844077703
9.708956506790441
18.512807288980575
21.816056386453496
20.392470345538936
17.104865050713425
12.72941378717552
7.7679216090768435
3.90149561629706
2.2468626439745574
1.3792332817603576
0.9472236548048822
0.607873474299467
0.31545470173629014
0.14818635035241534
0.0025786487880350775
-0.06119993123603232
-0.1105380780471033
-0.11655492521918515
-0.03472580367887227
-0.010658414990544953
0.0892212480660134
0.11930548392642255
0.17225373904074265
0.17706721677840812
0.17345710847515902
0.1421695031803335
0.13013580883616985
0.11328863675434073
0.09644146467251159
0.06996733711535157
0.06395048994326973
0.05793364277118789
0.03266288464844421
-0.003438198384046758
-0.04435275915420319
-0.06962351727694688
-0.11535155578476879
-0.11535155578476877
-0.10933470861268696
-0.11174144748151969
-0.11174144748151969
-0.12257177239126699
-0.12738525012893245
-0.1285886195633488
-0.08887742822760872
-0.11294481691593605
-0.12979198899776517
-0.1033178614406051
-0.1562661165549252
-0.1285886195633488
-0.09850438370293967
-0.10692796974385423
-0.12377514182568335
-0.13099535843218155
-0.15265600825167613
-0.15506274712050885
-0.16589307203025616
-0.11174144748151969
-0.1249785112600997
-0.12618188069451608
-0.11414818635035243
-0.11655492521918515
-0.10692796974385423
-0.10572460030943787
-0.09850438370293962
-0.06962351727694686
-0.056386453498366844
-0.047962867457452284
-0.03592917311328862
-0.02630221763795771
0.006188757091284167
-0.009455045556128585
-0.029912325941206797
-0.004641567818463119
0.008595495960116899
-0.02389547876912497
-0.033522434244455904
-0.0070483066872958555
-0.015471892728210417
-0.009455045556128586
-0.03472580367887227
-0.02509884820354134
-0.009455045556128581
0.030256145779611488
-0.016675262162626776
-0.02269210933470861
-0.009455045556128585
-0.010658414990544957
-0.007048306687295857
-0.016675262162626783
-0.05157297576070138
-0.03231906481003954
-0.061199931236032304
-0.06119993123603232
-0.08406395048994328
-0.08406395048994325
-0.062403300670448685
-0.10331786144060513
-0.10091112257177239
-0.11294481691593605
-0.12136840295685061
-0.10692796974385421
-0.09730101426852329
-0.10452123087502148
-0.11414818635035243
-0.11896166408801788
-0.13701220560426336
-0.10572460030943787
-0.10091112257177239
-0.11414818635035243
-0.08526731992435962
-0.10692796974385423
-0.1213684029568506
-0.12136840295685061
-0.09489427539969054
-0.10572460030943787
-0.11414818635035243
-0.12377514182568335
-0.10933470861268696
-0.0900807976620251
-0.08406395048994328
-0.09248753653085783
-0.09609764483410693
-0.10211449200618876
-0.10933470861268696
-0.07443699501461233
-0.0720302561457796
-0.07323362558019597
-0.08045384218669417
-0.0756403644490287
-0.07925047275227781
-0.09850438370293967
-0.08286058105552689
-0.1249785112600997
-0.1430290527763452
-0.12377514182568335
-0.1177582946536015
-0.1009111225717724
-0.14182568334192883
-0.13340209730101427
-0.10692796974385423
-0.13701220560426336
-0.08767405879319237
-0.08887742822760873
-0.07082688671136325
-0.09489427539969057
-0.041946020285370464
-0.0684201478425305
-0.05157297576070138
-0.06481003953928141
-0.05638645349836686
-0.06601340897369777
-0.07323362558019597
-0.0756403644490287
-0.0479628674574523
-0.061199931236032304
-0.04916623689186866
-0.0828605810555269
-0.06721677840811414
-0.06119993123603232
-0.05277634519511776
-0.028708956506790437
-0.0407426508509541
-0.013065153859377687
-0.005844937252879488
-0.0022348289496303933
0.02303592917311329
0.018222451435447828
0.00017190991920234378
0.020629190304280558
0.02544266804194602
-0.0010314595152140288
0.02303592917311329
0.021832559738696928
0.019425820869864194
-0.011861784424961318
-0.035929173113288644
-0.01547189272821041
-0.04435275915420319
-0.028708956506790433
-0.00343819838404676
-0.06601340897369778
-0.04314938971978683
-0.022692109334708603
-0.038335911982121364
-0.037132542547705
-0.02028537046587588
-0.013065153859377678
-0.044352759154203204
-0.019082001031459517
-0.020285370465875877
-0.01908200103145951
-0.013065153859377678
0.01340897369778236
