-0.004321301474326386
0.029486527707168274
0.006354855109303504
0.016141331977630905
0.04016268429079817
0.3132943568886629
7.227885104219624
16.122013218098626
18.958312150482968
17.814184036603965
15.000127097102185
10.811514997458056
6.300838840874428
3.4289527198779863
1.888027452974072
1.0730808337569901
0.6691662430096593
0.3764616166751398
0.14158617183528216
0.002796136248093538
-0.07727503812913065
-0.11642094560244026
-0.09506863243518048
-0.07015760040671074
-0.007880020335536357
0.002796136248093543
0.09532282663955262
0.1451448906964921
0.21631926792069142
0.21276054905948144
0.21276054905948144
0.19585663446873408
0.18518047788510422
0.15760040671072698
0.10955770208439247
0.08286731062531773
0.09443314692425013
0.056176919166243004
0.03482460599898321
0.01080325368581596
0.02503812913065582
-0.027452974072191157
-0.053253685815963396
-0.08083375699034062
-0.08706151499745807
-0.09062023385866802
-0.10040671072699543
-0.07104728012201321
-0.05503304524656838
-0.06926792069140823
-0.05770208439247586
-0.06126080325368582
-0.08439247585155059
-0.07905439755973565
-0.09239959328927301
-0.08083375699034062
-0.06837824097610574
-0.07638535841382817
-0.06392984239959329
-0.09506863243518048
-0.0728266395526182
-0.08795119471276056
-0.09062023385866803
-0.10485510930350789
-0.06926792069140823
-0.07816471784443316
-0.06570920183019828
-0.041687849517031014
-0.01944585663446874
-0.036349771225216064
-0.013218098627351304
-0.002541942043721405
0.021479410269445852
0.021479410269445852
0.024148449415353327
0.005465175394001015
0.03482460599898322
0.009913573970513468
0.010803253685815955
-0.016776817488561267
0.019700050838840872
-0.03723945094051856
0.017920691408235885
0.012582613116420938
0.03126588713777326
0.01792069140823589
0.03304524656837824
0.03393492628368072
0.014361972547025918
0.029486527707168274
0.03482460599898322
0.0170310116929334
0.01792069140823589
-0.010549059481443829
-0.023004575495678702
-0.02656329435688867
-0.03812913065582105
-0.04168784951703101
-0.06748856126080326
-0.07994407727503813
-0.07727503812913065
-0.0835027961362481
-0.09684799186578547
-0.12976614133197764
-0.11286222674123031
-0.11197254702592781
-0.1253177427554652
-0.1030757498729029
-0.0932892730045755
-0.09595831215048296
-0.06926792069140823
-0.10752414844941535
-0.05770208439247586
-0.08439247585155059
-0.06215048296898831
-0.08884087442806304
-0.05681240467717336
-0.11464158617183529
-0.09239959328927301
-0.09595831215048298
-0.09595831215048298
-0.0835027961362481
-0.10218607015760041
-0.043467208947636
-0.06570920183019828
-0.08973055414336553
-0.07905439755973565
-0.06659888154550077
-0.0532536858159634
-0.08528215556685308
-0.07104728012201322
-0.1039654295882054
-0.09595831215048296
-0.09595831215048298
-0.09862735129639044
-0.13154550076258262
-0.09506863243518048
-0.12709710218607018
-0.1235383833248602
-0.1297661413319776
-0.09862735129639044
-0.11820030503304525
-0.1039654295882054
-0.11108286731062532
-0.09239959328927301
-0.10485510930350789
-0.08706151499745807
-0.09506863243518048
-0.08617183528215556
-0.06926792069140823
-0.10040671072699543
-0.07905439755973565
-0.05147432638535842
-0.06215048296898831
-0.06748856126080326
-0.07994407727503813
-0.032791052364006104
-0.014997458057956282
-0.044356888662938486
-0.055922724961870875
-0.04880528723945094
-0.04791560752414845
-0.029232333502796134
-0.031901372648703616
-0.03101169293340112
-0.04257752923233351
-0.012328418912048809
-0.023894255210981197
-0.016776817488561264
-0.020335536349771227
-0.03368073207930859
-0.009659379766141335
-0.04257752923233351
-0.02834265378749365
-0.029232333502796148
-0.02211489578037621
-0.05236400610066091
-0.039018810371123536
-0.04613624809354347
-0.054143365531265884
-0.05147432638535842
-0.040798169801728526
-0.05770208439247586
-0.03723945094051856
-0.028342653787493656
-0.014107778342653792
-0.03812913065582105
-0.0132180986273513
-0.01766649720386376
0.00012709710218606495
-0.017666497203863755
-0.03546009150991356
-0.02923233350279614
-0.043467208947636
-0.027452974072191157
-0.049694966954753436
-0.06037112353838333
-0.03101169293340112
-0.03990849008642603
-0.024783934926283693
