-0.021428571428571422
0.018571428571428572
-0.018095238095238095
-0.009761904761904756
0.03357142857142858
0.6652380952380952
10.438571428571429
18.91690476190476
22.018571428571427
20.57690476190476
17.288571428571426
12.945238095238095
8.091904761904761
4.106904761904762
2.2069047619047617
1.200238095238095
0.7352380952380951
0.3952380952380952
0.1369047619047619
-0.05642857142857141
-0.09976190476190475
-0.1464285714285714
-0.13476190476190475
-0.06142857142857142
-0.01976190476190476
0.02190476190476191
0.11523809523809524
0.17023809523809524
0.20523809523809522
0.18023809523809525
0.16857142857142857
0.16523809523809527
0.14690476190476193
0.13190476190476189
0.09357142857142857
0.11357142857142856
0.07523809523809523
0.10190476190476193
0.01190476190476191
0.025238095238095247
0.00023809523809523725
-0.06142857142857141
-0.0730952380952381
-0.06642857142857143
-0.05809523809523809
-0.10142857142857142
-0.09642857142857142
-0.08976190476190475
-0.08642857142857141
-0.09142857142857143
-0.09809523809523808
-0.04309523809523809
-0.07476190476190475
-0.054761904761904755
-0.08142857142857142
-0.07476190476190475
-0.07309523809523809
-0.059761904761904766
-0.09309523809523809
-0.11809523809523807
-0.09309523809523809
-0.14976190476190473
-0.10476190476190475
-0.12642857142857142
-0.1480952380952381
-0.13976190476190475
-0.1514285714285714
-0.14809523809523809
-0.13142857142857142
-0.11309523809523808
-0.08476190476190476
-0.09642857142857142
-0.05142857142857142
-0.004761904761904761
0.021904761904761916
0.0019047619047619009
0.03357142857142857
0.015238095238095238
0.03190476190476191
0.06523809523809523
0.02357142857142857
-0.011428571428571423
-0.00976190476190476
-0.013095238095238089
0.02357142857142857
-0.0014285714285714264
0.02190476190476191
0.005238095238095241
0.006904761904761913
0.02523809523809525
0.015238095238095247
0.03357142857142858
0.016904761904761898
0.053571428571428575
0.055238095238095246
0.05357142857142856
0.053571428571428575
0.01690476190476191
0.015238095238095243
0.008571428571428577
0.020238095238095243
-0.01809523809523809
0.036904761904761905
-0.03309523809523809
-0.01809523809523809
-0.03642857142857143
-0.08476190476190477
-0.0730952380952381
-0.06142857142857141
-0.1130952380952381
-0.04309523809523809
-0.09976190476190476
-0.07642857142857143
-0.06642857142857143
-0.011428571428571423
-0.06142857142857141
-0.07476190476190475
-0.07642857142857143
-0.07976190476190474
-0.09809523809523808
-0.06142857142857144
-0.06309523809523811
-0.07809523809523809
-0.08976190476190476
-0.07142857142857142
-0.07142857142857144
-0.039761904761904755
-0.09976190476190476
-0.05809523809523809
-0.07642857142857143
-0.06976190476190477
-0.10142857142857142
-0.05142857142857142
-0.0730952380952381
-0.07142857142857144
-0.06809523809523808
-0.07142857142857144
-0.06642857142857142
-0.07976190476190474
-0.06976190476190476
-0.06142857142857144
-0.04309523809523809
-0.06976190476190475
-0.06809523809523808
-0.03809523809523809
-0.04642857142857142
-0.039761904761904755
-0.07976190476190476
-0.06976190476190475
-0.04976190476190476
-0.039761904761904755
-0.04142857142857142
-0.029761904761904764
-0.014761904761904757
-0.008095238095238091
-0.0530952380952381
-0.00642857142857143
-0.009761904761904756
0.005238095238095237
-0.026428571428571433
-0.05476190476190475
-0.018095238095238095
-0.01642857142857142
0.00023809523809524612
-0.008095238095238091
0.0035714285714285752
0.03857142857142857
0.0319047619047619
0.04190476190476191
0.05190476190476191
0.045238095238095244
0.03857142857142856
0.02857142857142857
0.026904761904761904
0.0669047619047619
0.053571428571428575
0.06357142857142857
0.018571428571428565
0.06523809523809525
0.04190476190476192
0.03857142857142856
0.043571428571428567
0.04357142857142857
0.0969047619047619
0.08190476190476191
0.0619047619047619
0.10023809523809524
0.0819047619047619
0.040238095238095246
0.08357142857142857
0.01857142857142857
0.06357142857142857
0.035238095238095235
-0.004761904761904757
0.018571428571428576
0.035238095238095235
0.013571428571428571
0.06523809523809523
0.051904761904761905
0.06857142857142857
