-0.019066311509883645
-0.013178185896537227
-0.0023832889387354534
0.04864713304360017
0.07023692695920368
0.552081872984719
9.095752137950372
17.1036029721015
20.070236926959204
18.804289920089722
15.85630169634095
11.69928501331838
6.905369409785504
3.7002663675872705
2.0829945324547876
1.0977148464881537
0.5010514510023832
0.11243516052151968
-0.14467965792794057
-0.25360998177484934
-0.2379083134725922
-0.20748633113696904
-0.1397728865834852
-0.09561194448338708
-0.03084256273657647
0.01920650497686807
0.10949109771484648
0.12911818309266787
0.13696901724379645
0.18603673068834992
0.16150287396607316
0.14678255993270714
0.12126734894153933
0.1222487032104304
0.09673349221926257
0.10654703490817326
0.09378942941258936
0.08299453245478759
0.054535258656946584
0.07023692695920368
0.04177765316136267
-0.01121547735875509
-0.0023832889387354586
-0.020047665778774718
-0.0494882938455068
-0.04850693957661573
-0.0720594420300014
-0.06518996214776392
-0.06813402495443711
-0.09561194448338708
-0.08187298471891212
-0.08677975606336745
-0.09855600729006028
-0.056357773727744295
-0.05733912799663536
-0.04065610542548717
-0.060283190803308566
-0.03869339688770503
-0.07205944203000142
-0.06911537922332821
-0.05930183653441751
-0.06126454507219964
-0.05341371092107108
-0.0494882938455068
-0.022991728585447922
-0.04261881396326932
-0.04752558530772465
-0.039674751156596105
-0.04163745969437825
-0.05439506518996215
-0.05243235665218001
-0.02495443712323006
-0.01808495724099258
-0.008271414552081881
0.03981494462358053
0.03196411047245198
0.0015421281368288226
0.023131922052432356
0.03490817327912518
-0.00827141455208188
0.016262442170194867
0.03196411047245198
0.031964110472451984
0.031964110472451984
0.022150567783541283
0.02411327632132342
0.021169213514650214
0.028038693396887696
0.04864713304360017
0.03294546474134304
0.047665778774709094
0.06042338427029299
0.029020047665778762
0.0633674470769662
0.030001401934669842
0.03000140193466984
0.024113276321323422
-0.005327351745408673
-0.0004205804009533202
-0.022010374316556853
-0.013178185896537223
-0.04065610542548717
-0.07009673349221926
-0.0789289219122389
-0.08874246460114957
-0.08383569325669424
-0.06420860787887285
-0.04752558530772467
-0.066171316416655
-0.05046964811439787
-0.0759848591055657
-0.0494882938455068
-0.06617131641665498
-0.06420860787887285
-0.05046964811439787
-0.00729006028319081
-0.025935791392121137
-0.033786625543249696
-0.015140894434319365
-0.0593018365344175
-0.056357773727744295
-0.06715267068554605
-0.04556287676994252
-0.0593018365344175
-0.07500350483667463
-0.06224589934109071
-0.07500350483667463
-0.05537641945885322
-0.0691153792233282
-0.05341371092107108
-0.04556287676994252
-0.04360016823216038
-0.02789849992990327
-0.034767979812140755
-0.05439506518996215
-0.02397308285433899
-0.025935791392121134
-0.0367306883499229
-0.022991728585447922
-0.03574933408103183
-0.027898499929903276
-0.0269171456610122
-0.04163745969437825
-0.02593579139212113
-0.046544231038833594
-0.03771204261881397
-0.022991728585447922
-0.02887985419879434
-0.015140894434319365
-0.05733912799663537
-0.02299172858544792
-0.02102902004766578
-0.0053273517454086716
-0.022010374316556853
-0.017103602972101506
0.018225150707977006
0.009392962287957374
0.04079629889247161
0.011355670825739515
0.013318379363521652
0.005467545212393099
0.031964110472451984
0.03588952754801626
0.037852236085798394
0.025094630590214495
0.05257255011916444
0.025094630590214488
0.03883359035468946
0.03588952754801626
0.07906911537922331
0.03098275620356091
0.057479321463619795
0.054535258656946584
0.051591195850273365
0.02607598485910556
0.06827421842142155
0.05355390438805552
0.025094630590214488
0.019206504976868065
0.04177765316136268
0.031964110472451984
0.03196411047245198
0.05846067573251086
0.030001401934669835
0.049628487312491226
0.040796298892471605
0.05453525865694658
0.04766577877470909
0.057479321463619795
0.049628487312491226
0.02705733912799663
0.07219963549698583
0.04962848731249123
0.06238609280807514
0.050609841581382306
0.07219963549698583
0.0672928641525305
0.09477078368148044
0.102621617832609
0.09280807514369831
