-0.0041317140353073776
0.0020032552898460007
0.004632527857768875
0.0072618004256917515
0.02479028421184425
0.4875422561662701
8.812695630399398
17.23074996869914
20.154501064229375
18.888944534869164
15.838111931889319
11.700513334168022
7.065105796919995
3.7618630274195564
2.1948165769375234
1.420057593589583
0.9862276198823087
0.6952547890321772
0.4270689871040441
0.23162639288844378
0.06685864529861023
-0.03480656066107424
-0.05671716539376486
-0.05145862025791911
0.024790284211844246
0.07124076624514836
0.135219732064605
0.17641166896206334
0.22198572680605985
0.2360085138349819
0.22987354450982847
0.19394015274821585
0.17378239639414048
0.1580067609866032
0.1606360335545261
0.11944409665706773
0.1010391886816076
0.06685864529861024
0.03530737448353575
-0.012019531739075993
-0.05496431701514961
-0.05233504444722674
-0.10229122323776134
-0.07862777012645548
-0.09177413296606987
-0.11105546513083761
-0.0935269813446851
-0.0935269813446851
-0.04795292350068862
-0.06723425566545636
-0.060222862150995364
-0.018154501064229372
-0.027795167146613245
-0.05408789282584199
-0.026042318767997986
-0.05145862025791912
-0.059346437961687724
-0.05847001377238011
-0.06460498309753349
-0.11631401026668334
-0.09265055715537747
-0.09615625391260797
-0.07775134593714786
-0.08739201201953171
-0.09878552648053086
-0.07775134593714784
-0.09966195066983849
-0.060222862150995364
-0.05584074120445724
-0.06197571052961061
-0.025165894578690368
-0.019907349442844616
-0.012019531739075993
0.036183798672843374
0.03092525353699762
0.030925253536997627
0.016026042318768002
0.028295980969074753
0.026543132590459498
0.023037435833229
-0.01114310754976837
0.013396769750845123
-0.01114310754976837
-0.018154501064229372
0.00989107299361463
-0.014648804306998869
-0.008513834981845493
0.023913860022536627
0.027419556779767127
0.02128458745461375
0.033554526104920504
0.03180167772630525
0.03267810191561288
0.03267810191561288
0.03443095029422812
0.016026042318768002
0.01690246650807562
0.013396769750845125
0.008138224614999376
-0.011143107549768369
-0.03568298485038186
-0.030424439714536115
-0.037435833228997115
-0.068110679854764
-0.02954801552522849
-0.10053837485914612
-0.09703267810191561
-0.10229122323776134
-0.04795292350068862
-0.07775134593714786
-0.053211468636534365
-0.07073995242268687
-0.04181795417553524
-0.05058219606861149
-0.049705771879303855
-0.02954801552522849
-0.04795292350068862
-0.03655940903968949
-0.05408789282584199
-0.04970577187930386
-0.030424439714536115
-0.04795292350068862
-0.028671591335920867
-0.058470013772380126
-0.04532365093276574
-0.02954801552522849
-0.044447226743458114
-0.012895955928383619
-0.04269437836484286
-0.008513834981845499
-0.03480656066107424
-0.026042318767997997
-0.04006510579691999
-0.039188681607612366
-0.0724928008013021
-0.06986352823337924
-0.06022286215099538
-0.05759358958307247
-0.06372855890822585
-0.10667334418429947
-0.06811067985476398
-0.07775134593714784
-0.07950419431576312
-0.05759358958307247
-0.08038061850507075
-0.07073995242268687
-0.06372855890822586
-0.06898710404407163
-0.05058219606861148
-0.02516589457869037
-0.04269437836484286
-0.02253662201076749
-0.02691874295730561
-0.0050081382246149955
-0.020783773632152246
-0.0015024414673844976
-0.012019531739075998
-0.0015024414673844976
0.0002504069112307522
0.006385376236384127
-0.0006260172780768774
0.006385376236384125
0.02917240515838237
0.009014648804306998
0.021284587454613747
0.043195192187304374
0.06160010016276449
0.051959434080380625
0.07211719043445598
0.054588706648303495
0.058094403405534
0.06072367597345686
0.072117190434456
0.08964567422060848
0.07825215975960936
0.055465130837611114
0.04407161637661199
0.03618379867284336
0.04670088894453488
0.04231876799799674
0.04319519218730437
0.028295980969074746
0.018655314886690866
0.03443095029422812
0.028295980969074753
0.043195192187304374
0.02391386002253663
0.03530737448353575
0.05020658570176537
0.04494804056591961
0.026543132590459498
0.022161011643921376
0.03443095029422812
0.04582446475522725
0.045824464755227265
0.0405659196193815
0.016026042318767995
0.040565919619381496
0.02391386002253662
0.04144234380868912
