-0.002534051314539122
-0.0008710801393728251
0.013541336712068412
0.039594551789673735
0.026845106113398794
0.4941400063351283
8.701457079505861
17.1238517579981
19.96309787773202
18.786268609439336
15.837820715869498
11.820636680392779
7.0894836870446625
3.716978143807412
2.0390402280646183
1.098907190370605
0.5767342413683878
0.18649033892936334
-0.11783338612606906
-0.2774786189420336
-0.31184668989547043
-0.2852391510928096
-0.2148400380107697
-0.15109280962939498
-0.09787773202407349
-0.007522964840038015
0.03626860943934114
0.09059233449477351
0.14935064935064937
0.15711118150142542
0.15156794425087108
0.13770985112448528
0.12884067152359835
0.10001583782071587
0.0972442191954387
0.06010452961672473
0.07617991764333228
0.0750712701932214
0.0595502058916693
0.024073487488121628
-0.022489705416534687
-0.026369971491922717
-0.04133671206841939
-0.09566043712385176
-0.10286664554957238
-0.08069369654735509
-0.10064935064935066
-0.09011719987329744
-0.10342096927462782
-0.1361260690528983
-0.1255939182768451
-0.1461038961038961
-0.14000633512828634
-0.14499524865378524
-0.1289198606271777
-0.130582831802344
-0.11395312005068102
-0.11339879632562558
-0.10009502692429523
-0.1405606588533418
-0.11450744377573646
-0.12060500475134622
-0.12836553690212227
-0.10840988280012671
-0.1239309471016788
-0.10508394044979412
-0.10009502692429523
-0.10840988280012673
-0.10508394044979412
-0.08180234399746596
-0.08734558124802028
-0.06738992714602471
-0.06129236617041496
-0.04410833069369655
-0.04687994931897371
-0.021935381691479256
-0.006968641114982581
-0.011957554640481477
-0.00419702248970542
-0.006414317389927149
-0.01306620209059234
-0.014174849540703202
0.0024548622109597713
-0.0030883750395945507
0.006889452011403224
0.0013462147608489005
-0.011403230915426037
-0.02526132404181185
-0.003088375039594556
0.004117833386126061
0.0030091859360151987
-0.010848907190370611
0.020193221412733598
-0.0075229648400380175
-0.024152676591700988
-0.02138105796642382
0.010215394361735823
-0.016392144440924933
-0.03413050364269877
-0.04466265441875199
-0.051868862844472605
-0.0535318340196389
-0.05630345264491607
-0.06018371872030409
-0.08291099144757683
-0.0928888184985746
-0.10785555907507127
-0.10452961672473868
-0.10397529299968325
-0.08845422869813115
-0.10342096927462781
-0.10452961672473868
-0.08789990497307572
-0.0928888184985746
-0.08069369654735509
-0.08789990497307572
-0.08291099144757683
-0.08512828634779855
-0.09178017104846374
-0.09067152359835287
-0.08124802027241053
-0.08457396262274312
-0.10342096927462781
-0.08956287614824199
-0.09621476084890719
-0.09787773202407349
-0.09510611339879634
-0.07570478302185618
-0.09233449477351917
-0.08512828634779855
-0.08623693379790942
-0.07016154577130188
-0.051868862844472605
-0.07348748812163447
-0.04743427304402914
-0.033576179917643334
-0.05464048146974977
-0.042445359518530255
-0.060738042445359526
-0.06849857459613558
-0.07681343047196706
-0.07016154577130188
-0.08401963889768768
-0.10231232182451695
-0.11229014887551474
-0.1150617675007919
-0.11838770985112447
-0.10730123535001584
-0.10840988280012671
-0.0912258473234083
-0.08679125752296485
-0.10619258789990497
-0.058520747545137794
-0.07016154577130188
-0.060738042445359526
-0.05630345264491607
-0.051868862844472605
-0.04521697814380742
-0.05685777636997149
-0.04022806461830853
-0.04189103579347483
-0.04078238834336396
-0.051868862844472605
-0.035793474817865066
-0.024152676591700985
-0.039673740893253095
-0.01860943934114666
-0.012511878365536907
-0.016946468165980368
-0.011957554640481472
0.01132404181184669
0.00966107063668039
0.0201932214127336
0.007998099461514092
0.015204307887234713
0.007998099461514092
0.011878365536902115
-0.024152676591700988
0.0030091859360151974
0.005780804561292365
0.0013462147608489046
0.006889452011403227
0.0057808045612923655
0.00688945201140323
0.009106746911624953
-0.00696864111498258
-0.02636997149192271
-0.015283496990814067
0.0007918910357934691
0.011878365536902115
-0.012511878365536909
-0.007522964840038016
-0.00696864111498258
-0.004197022489705418
0.006889452011403232
0.0019005384859043337
0.01742160278745644
0.005226480836236933
0.006889452011403221
0.030725372188786817
