0.004357891869807982
0.0043578918698079835
-0.002315130055835488
-0.0004085523627944933
0.001498025330246493
0.4304780062644695
9.46860956012529
17.95192700531118
20.95574016069726
19.732670570611464
16.610649598256842
12.446683916655319
7.595396976712516
4.020563802260656
2.304643878523764
1.4838621816696174
1.0729946888192838
0.7746152798583685
0.4867220482091788
0.2655590358164238
0.09968677652185756
0.03486313495846384
-0.011848018521040444
-0.00994144082799945
0.00626446956284897
0.07394797766580416
0.11779926460574697
0.20359526079259158
0.2388669481138499
0.2760452131281492
0.2598393027373008
0.23124063734168598
0.17309001770393573
0.14067819692223887
0.12637886422443143
0.11779926460574698
0.0653683780471197
0.04916246765627128
-0.00136184120931499
-0.039493395070134815
-0.07381179354487266
-0.11575650279177446
-0.11575650279177448
-0.09287757047528258
-0.11289663625221298
-0.08143810431703663
-0.02996050660492986
-0.03949339507013481
-0.051886150074901265
-0.030913795451450357
-0.045213128149257785
-0.017567751600163415
-0.02710064006536838
-0.022334195832765896
-0.014707885060601928
-0.07476508239139316
-0.08048481547051613
-0.09287757047528258
-0.09287757047528257
-0.1338689908756639
-0.14435516818738933
-0.14340187934086884
-0.1491216124199918
-0.15960778973171727
-0.14244859049434835
-0.10908348086613101
-0.08525125970311861
-0.05474601661446275
-0.021380906986245406
-0.03472695083753234
-0.012801307367560934
0.012937491488492438
0.014844069181533437
0.020563802260656405
0.03295655726542285
0.05011575650279177
-0.003268418902355978
0.048209178809750786
0.011984202641971947
0.009124336102410464
-0.008034863134958464
-0.005174996595396975
-0.0004085523627944933
-0.017567751600163415
-0.030913795451450357
-0.008034863134958459
0.00626446956284898
-0.010894729674519946
0.011030913795451455
0.04725588996323028
0.022470379953697397
0.03772300149802533
0.05583548958191475
0.05202233419583277
0.03962957919106632
0.045349312270189304
0.06346180035407871
0.0215170911071769
-0.007081574288437965
0.030096690725861363
-0.008034863134958457
-0.039493395070134815
-0.04044668391665532
-0.0680920604657497
-0.0661854827727087
-0.09192428162876208
-0.07476508239139315
-0.07190521585183167
-0.09001770393572109
-0.07285850469835217
-0.08811112624268011
-0.07476508239139315
-0.04235326160969631
-0.05951246084706523
-0.05093286122838077
-0.007081574288437963
-0.03758681737709382
-0.04616641699577829
-0.04616641699577829
-0.051886150074901265
-0.07190521585183168
-0.09383085932180307
-0.0890644150892006
-0.09097099278224158
-0.07190521585183168
-0.06237232738662671
-0.05760588315402424
-0.0661854827727087
-0.05093286122838077
-0.04902628353533978
-0.03282037314449135
-0.032820373144491356
-0.05760588315402424
-0.01375459621408144
-0.044259839302737296
-0.044259839302737296
-0.04330655045621681
-0.04902628353533977
-0.07095192700531117
-0.08429797085659813
-0.0671387716192292
-0.08334468201007761
-0.050932861228380776
-0.05379272776794226
-0.10336374778700802
-0.07095192700531117
-0.06332561623314721
-0.06999863815879069
-0.07095192700531118
-0.05093286122838076
-0.05188615007490126
-0.036633528530573334
-0.05188615007490127
-0.023287484679286395
-0.008988151981478959
-0.021380906986245406
-0.010894729674519944
-0.005174996595396973
-0.032820373144491356
0.020563802260656405
-0.016614462753642922
0.015797358028053935
0.0005447364837260006
0.031049979572381866
0.02723682418629988
0.013890780335012941
-0.0023151300558354906
0.04058286803758682
0.022470379953697397
0.03295655726542285
0.03200326841890235
0.046302601116709786
0.03390984611194335
0.011030913795451455
0.0034046030232874913
0.017703935721094924
0.035816423804984336
0.03772300149802533
0.03676971265150483
0.023423668800217897
0.011030913795451456
0.028190113032820374
0.0234236688002179
0.03772300149802533
0.031049979572381866
0.011030913795451455
0.017703935721094924
0.0005447364837260006
-0.011848018521040445
0.031049979572381866
0.01770393572109492
0.03009669072586137
0.023423668800217897
0.014844069181533436
0.038676290344545824
0.03295655726542285
0.038676290344545824
0.028190113032820378
0.020563802260656412
0.035816423804984336
