-0.03814510097232611
-0.02243829468960359
0.027299925205684368
0.07703814510097233
0.087509349289454
0.5037397157816006
10.152954375467464
18.770755422587882
22.681750186985788
21.06918474195961
17.519446522064325
12.893792071802544
7.878085265519821
3.977561705310397
2.150336574420344
1.1738967838444276
0.6398653702318624
0.24981301421091998
-0.09050112191473447
-0.2606581899775617
-0.2999252056843679
-0.2842183994016455
-0.2580403889304413
-0.10882572924457741
-0.11406133133881824
-0.059087509349289455
0.027299925205684368
0.05871353777112939
0.13462976813762154
0.14510097232610322
0.1817501869857891
0.13724756918474199
0.1555721765145849
0.07965594614809275
0.09536275243081527
0.11106955871353778
0.043006731488406884
0.07180254300673149
0.04300673148840687
-0.011967090501121911
0.008975317875841432
-0.03290949887808526
-0.01458489154824234
-0.053851907255048605
-0.11667913238593866
-0.07479431563201196
-0.1219147344801795
-0.15594614809274496
-0.08002991772625281
-0.09835452505609574
-0.11929693343305908
-0.0800299177262528
-0.08788332086761408
-0.11144353029169783
-0.0931189229618549
-0.06432311144353028
-0.05908750934928945
-0.10882572924457737
-0.11406133133881824
-0.04599850411368736
-0.06432311144353027
-0.1219147344801795
-0.05908750934928945
-0.1219147344801795
-0.0931189229618549
-0.08788332086761405
-0.0931189229618549
-0.048616305160807775
-0.061705310396409876
-0.08526551982049364
-0.045998504113687354
-0.04076290201944652
-0.027673896783844427
-0.045998504113687354
0.008975317875841432
-0.022438294689603584
-0.027673896783844427
-0.05646970830216903
0.0587135377711294
0.04824233358264771
-0.006731488406881081
0.029917726252804786
0.02468212415856395
0.022064323111443532
0.035153328347045626
0.05086013462976814
0.048242333582647734
0.043006731488406884
0.027299925205684375
0.027299925205684365
-0.030291697830964852
-0.011967090501121916
0.008975317875841441
0.008975317875841434
-0.02767389678384443
0.035153328347045626
0.032535527299925204
-0.05908750934928945
-0.006731488406881073
-0.022438294689603584
-0.048616305160807775
-0.05646970830216903
-0.02767389678384443
-0.06432311144353028
-0.09311892296185491
-0.06694091249065072
-0.06170531039640987
-0.0800299177262528
-0.05908750934928945
-0.11406133133881824
-0.08264771877337322
-0.10620792819745699
-0.0800299177262528
-0.04599850411368735
-0.08788332086761405
-0.05646970830216902
-0.0669409124906507
-0.04076290201944651
-0.05123410620792819
-0.038145100972326096
-0.022438294689603594
-0.01982049364248317
-0.040762902019446524
-0.08264771877337324
-0.05646970830216903
-0.027673896783844427
-0.07217651458489155
-0.06170531039640987
-0.038145100972326096
-0.05385190725504861
-0.04338070306656695
-0.08002991772625279
-0.04861630516080778
-0.03029169783096484
-0.032909498878085267
-0.025056095736724005
0.037771129394166034
-0.0014958863126402434
0.006357516828721018
-0.05646970830216904
-0.04861630516080778
0.0011219147344801708
-0.06170531039640988
-0.04076290201944652
-0.0381451009723261
-0.048616305160807775
-0.0669409124906507
-0.06955871353777113
-0.03552729992520569
-0.004113687359760655
-0.009349289454001498
-0.027673896783844423
-0.02505609573672401
-0.014584891548242327
-0.027673896783844416
0.0037397157816005944
0.03515332834704562
0.00897531787584144
0.0587135377711294
0.0456245325355273
0.011593118922961863
-0.027673896783844423
0.01421091997008227
0.016828721017202692
0.022064323111443535
-0.004113687359760655
0.04824233358264773
0.04824233358264773
0.04824233358264773
0.05347793567688856
0.04300673148840688
0.11368735976065819
0.087509349289454
0.12154076290201946
0.06394913986537024
0.05086013462976812
0.07180254300673149
0.08489154824233357
0.02468212415856395
0.050860134629768135
0.06394913986537024
0.04038893044128646
0.09012715033657441
0.027299925205684375
0.019446522064323117
0.06656694091249064
0.024682124158563946
0.07965594614809275
0.0456245325355273
0.07442034405385191
0.06656694091249064
0.10845175766641736
0.06656694091249064
0.09536275243081527
0.07180254300673147
0.05347793567688855
0.03515332834704563
0.019446522064323114
0.09798055347793569
0.04824233358264771
