0.002638838910879218
-0.0007196833393306935
0.010195513973851508
0.009355883411299034
0.06980928391507736
0.4468034065011395
7.876694254528009
15.963176202470914
18.71044740314262
17.570229099196354
14.821278637399546
10.759985606333213
6.32841549718124
3.524049418255967
2.012714405661509
1.173083843109032
0.7339570588940866
0.4468034065011395
0.1697253208588221
0.013554036224061419
-0.08468273959457837
-0.09475830634520811
-0.07460717284394865
-0.05445603934268921
0.011035144536403986
0.06729039222741993
0.13278157610651314
0.19827275998560637
0.2326976130502579
0.22933909080004794
0.2066690656111311
0.20666906561113113
0.19575386829794889
0.16636679860861223
0.17812162648434687
0.15125344848266764
0.12858342329375078
0.12438527048098837
0.10675302866738635
0.06057334772700012
0.01187477509895647
-0.0007196833393306886
-0.024229339090800044
-0.04941825596737435
-0.06285234496821397
-0.05865419215545159
-0.04605973371716444
-0.05025788652992683
-0.051937147655031775
-0.06117308384310902
-0.07712606453160607
-0.03766342809163967
-0.051937147655031775
-0.051937147655031775
-0.03766342809163967
-0.04018231977929711
-0.04857862540482188
-0.057814561592899105
-0.06789012834352884
-0.050257886529926826
-0.08552237015713085
-0.06705049778097637
-0.0838431090320259
-0.09811682859541801
-0.09559793690776058
-0.0729279117188437
-0.04354084202950701
-0.05445603934268921
-0.03430490584142977
-0.025908600215904992
-0.007436727839750504
-0.004917836152093075
0.026988125224901047
0.02782775578745353
0.03874295310063572
0.04629962816360802
0.06729039222741993
0.04881851985126544
0.08408300347846948
0.08240374235336453
0.053016672664027834
0.05553556435168527
0.043780736475950585
0.07148854504018233
0.04713925872616049
0.04713925872616049
0.04965815041381793
0.05553556435168527
0.037903322538083255
0.058894086601895164
0.05637519491423773
0.052177042101475356
0.07316780616528727
0.07400743672783974
0.0647715005397625
0.08408300347846948
0.0647715005397625
0.04797888928871297
0.048818519851265445
0.0429411059133981
0.021110711287033714
0.02614849466234857
-0.009955619527407936
-0.010795250089960415
-0.03346527527887729
-0.05277677821758426
-0.04857862540482187
-0.05949382271800407
-0.04438047259205949
-0.02422933909080004
-0.04773899484226939
-0.05277677821758425
-0.05697493103034665
-0.018351925152932703
-0.026748230778457473
-0.022550077965695088
-0.02255007796569509
-0.04102195034184958
-0.021710447403142607
-0.01583303346527527
-0.009115988964855461
-0.014153772340170323
-0.030946383591219855
-0.014153772340170316
-0.021710447403142614
0.00011994722322179243
0.01355403622406142
-0.01751229459038023
0.010195513973851508
-0.01667266402782775
0.0068369917236416
-0.002398944464435643
0.006836991723641602
-0.0032385750269881197
0.015233297349166373
0.022789972412138666
-0.010795250089960412
-0.007436727839750508
-0.01751229459038023
0.016072927911718854
-0.030946383591219855
-0.014993402902722797
0.011874775098956467
0.011874775098956465
0.0068369917236416
0.00851625284874656
0.00767662228619408
-0.010795250089960412
0.010195513973851513
0.0009595777857742671
0.008516252848746554
0.01523329734916637
0.005157730598536648
-0.004917836152093082
0.002638838910879221
0.03622406141297829
0.011874775098956463
0.03622406141297829
0.035384430850425815
0.02614849466234857
0.0681300227899724
0.026148494662348573
0.06057334772700012
0.04294110591339811
0.05889408660189518
0.04126184478829316
0.08240374235336452
0.08492263404102195
0.08576226460357442
0.08744152572867937
0.09331893966654672
0.0689696533525249
0.10843228979249132
0.07484706729039224
0.07820558954060214
0.0798848506657071
0.08240374235336453
0.06896965335252489
0.05553556435168527
0.05637519491423773
0.0689696533525249
0.06225260885210507
0.07904522010315462
0.07316780616528727
0.061412978289552604
0.05385630322658031
0.06645076166486745
0.07904522010315461
0.07484706729039223
0.07736595897804965
0.07568669785294471
0.07568669785294471
0.06645076166486746
0.07484706729039224
0.07316780616528729
0.08912078685378433
0.0866018951661269
0.060573347727000126
0.07232817560273479
0.0647715005397625
