0.014248704663212436
0.002590673575129533
-0.014248704663212437
-0.005181347150259069
-0.022020725388601035
0.4365284974093264
10.680051813471502
19.28238341968912
22.417098445595855
21.098445595854923
17.765544041450777
13.387305699481866
8.461139896373057
4.226683937823834
2.321243523316062
1.2370466321243523
0.667098445595855
0.3069948186528497
0.014248704663212436
-0.13082901554404144
-0.2266839378238342
-0.20725388601036268
-0.14248704663212436
-0.08290155440414508
-0.04404145077720207
0.0116580310880829
0.0738341968911917
0.1204663212435233
0.14248704663212436
0.16968911917098445
0.15284974093264247
0.12564766839378239
0.11269430051813471
0.11398963730569948
0.07642487046632124
0.06476683937823834
0.07901554404145077
0.05958549222797927
0.04533678756476684
0.029792746113989636
-0.009067357512953374
-0.0155440414507772
-0.05181347150259067
-0.06865284974093264
-0.08419689119170984
-0.060880829015544057
-0.06217616580310881
-0.07512953367875648
-0.09196891191709844
-0.10880829015544041
-0.12176165803108809
-0.11787564766839378
-0.14507772020725387
-0.10751295336787564
-0.10621761658031088
-0.09974093264248704
-0.10492227979274611
-0.09196891191709844
-0.08808290155440414
-0.07512953367875648
-0.10103626943005181
-0.11658031088082901
-0.1411917098445596
-0.1411917098445596
-0.13730569948186527
-0.09067357512953368
-0.09844559585492228
-0.09196891191709844
-0.09455958549222798
-0.05310880829015544
-0.05699481865284974
-0.042746113989637305
-0.02849740932642487
-0.011658031088082903
-0.019430051813471502
-0.020725388601036274
-0.02461139896373057
-0.0064766839378238355
-0.010362694300518135
-0.012953367875647668
-0.0116580310880829
0.012953367875647668
0.009067357512953367
-0.006476683937823839
0.02461139896373056
0.0012953367875647623
-0.0025906735751295338
0.0051813471502590676
0.001295336787564761
-0.016839378238341973
0.0038860103626942996
0.04404145077720208
0.0116580310880829
0.015544041450777198
0.0025906735751295346
0.027202072538860103
0.0012953367875647652
0.01295336787564766
-0.027202072538860103
-0.037564766839378226
-0.022020725388601035
-0.06088082901554404
-0.09585492227979274
-0.08678756476683938
-0.08419689119170984
-0.10492227979274613
-0.08937823834196891
-0.08419689119170984
-0.11658031088082901
-0.10621761658031088
-0.10362694300518134
-0.08549222797927461
-0.08808290155440414
-0.10621761658031088
-0.06217616580310881
-0.05829015544041451
-0.06865284974093265
-0.0816062176165803
-0.06735751295336788
-0.08549222797927461
-0.08290155440414508
-0.07512953367875648
-0.09067357512953368
-0.08290155440414508
-0.09585492227979274
-0.09974093264248704
-0.08160621761658032
-0.09715025906735751
-0.09067357512953368
-0.09585492227979274
-0.07383419689119171
-0.11269430051813471
-0.08937823834196891
-0.06994818652849741
-0.06088082901554404
-0.09326424870466321
-0.05569948186528497
-0.05829015544041451
-0.08031088082901555
-0.07253886010362694
-0.10233160621761658
-0.05829015544041451
-0.06865284974093264
-0.0660621761658031
-0.06217616580310881
-0.08031088082901552
-0.09067357512953368
-0.12564766839378236
-0.11528497409326424
-0.08419689119170984
-0.07512953367875648
-0.10362694300518134
-0.06735751295336787
-0.06865284974093264
-0.05569948186528497
-0.03626943005181347
-0.029792746113989636
-0.05958549222797927
-0.029792746113989636
-0.009067357512953369
-0.011658031088082901
-0.002590673575129528
0.029792746113989636
-0.034974093264248704
0.04533678756476684
-0.005181347150259066
0.03367875647668393
0.02849740932642487
0.0194300518134715
0.04404145077720207
0.016839378238341973
0.04922279792746114
0.06088082901554404
0.05829015544041451
0.001295336787564768
0.022020725388601028
0.042746113989637305
0.0012953367875647606
0.012953367875647666
-0.0051813471502590676
0.012953367875647664
0.006476683937823834
-0.010362694300518135
-0.007772020725388607
0.010362694300518132
0.007772020725388593
-0.031088082901554404
0.0051813471502590676
-0.025906735751295335
-0.010362694300518139
-0.02202072538860104
0.014248704663212429
-0.034974093264248704
0.0012953367875647652
0.018134715025906734
0.006476683937823832
0.003886010362694295
0.0194300518134715
-0.038860103626943004
-0.023316062176165803
