-0.006997084548104957
-0.0029154518950437283
0.007288629737609329
0.0032069970845481043
0.07361516034985423
0.4817784256559767
9.234839650145775
17.902186588921282
20.953206997084546
19.705247813411077
16.625655976676388
12.331778425655978
7.434839650145772
3.8960641399416907
2.213411078717201
1.4103498542274056
1.0562682215743442
0.8246355685131195
0.5674927113702624
0.33075801749271133
0.19810495626822158
0.08483965014577259
0.06545189504373178
0.01545189504373178
0.048104956268221574
0.08892128279883381
0.16851311953352768
0.2185131195335277
0.28790087463556846
0.33586005830903787
0.3583090379008746
0.33279883381924197
0.2552478134110787
0.22361516034985418
0.1613702623906705
0.12565597667638484
0.11545189504373178
0.057288629737609335
0.06137026239067057
-0.014139941690962094
-0.059037900874635556
-0.08352769679300293
-0.08965014577259475
-0.14271137026239064
-0.12128279883381923
-0.08352769679300291
-0.06107871720116617
-0.006997084548104955
-0.022303206997084546
0.007288629737609329
-0.035568513119533525
-0.04271137026239067
-0.02332361516034985
-0.0018950437317784244
-0.031486880466472314
-0.028425655976676373
-0.029446064139941688
-0.08046647230320698
-0.08454810495626822
-0.1161807580174927
-0.11924198250728864
-0.1518950437317784
-0.17128279883381925
-0.13046647230320702
-0.16311953352769676
-0.12944606413994167
-0.11822157434402332
-0.08352769679300291
-0.06822157434402333
-0.012099125364431482
-0.0039358600583090375
0.04708454810495626
0.03586005830903791
0.07667638483965014
0.10626822157434401
0.0858600583090379
0.05626822157434402
0.07973760932944605
0.05830903790087464
0.029737609329446066
-0.0018950437317784216
-0.011078717201166184
0.017492711370262395
0.01239067055393586
-0.004956268221574343
-0.003935860058309037
0.011370262390670554
0.014431486880466476
0.031778425655976675
0.05014577259475219
0.04606413994169096
0.06034985422740525
0.07973760932944605
0.07769679300291545
0.06443148688046649
0.09810495626822159
0.06545189504373179
0.053206997084548104
0.06851311953352769
0.039941690962099125
0.062390670553935865
-0.003935860058309038
-0.013119533527696793
-0.026384839650145774
-0.04475218658892128
-0.02332361516034985
-0.03454810495626823
-0.03148688046647229
-0.04373177842565598
-0.026384839650145764
-0.050874635568513106
-0.029446064139941688
-0.030466472303206996
-0.056997084548104954
-0.03352769679300292
-0.01618075801749271
0.004227405247813413
-0.022303206997084546
-0.0018950437317784212
0.008309037900874637
-0.008017492711370262
-0.038629737609329445
-0.01720116618075802
-0.05291545189504373
-0.009037900874635569
-0.015160349854227402
0.009329446064139942
-0.006997084548104958
0.006268221574344024
-0.017201166180758013
-0.008017492711370262
0.0021865889212828037
0.005247813411078719
0.016472303206997083
0.014431486880466473
0.01647230320699708
-0.008017492711370259
-0.02434402332361516
-0.014139941690962093
-0.020262390670553937
-0.03862973760932944
-0.037609329446064134
-0.020262390670553937
-0.014139941690962096
-0.024344023323615165
-0.04679300291545189
-0.04883381924198251
-0.03760932944606414
-0.027405247813411075
-0.015160349854227404
-0.030466472303206996
-0.02740524781341108
-0.026384839650145778
-0.03352769679300291
-0.006997084548104955
-0.008017492711370264
0.02871720116618076
0.029737609329446066
-0.020262390670553933
0.004227405247813413
0.013411078717201165
0.03483965014577259
0.011370262390670557
0.004227405247813412
0.04606413994169096
0.03790087463556851
0.08381924198250729
0.06239067055393585
0.10014577259475219
0.0868804664723032
0.08892128279883381
0.10728862973760935
0.10830903790087464
0.1042274052478134
0.12871720116618077
0.1021865889212828
0.09198250728862974
0.03790087463556851
0.08177842565597668
0.07769679300291545
0.06341107871720117
0.054227405247813415
0.08381924198250729
0.04708454810495626
0.03381924198250729
0.06239067055393586
0.06443148688046647
0.07259475218658892
0.06851311953352769
0.10524781341107871
0.10014577259475219
0.08381924198250729
0.1001457725947522
0.07871720116618075
0.07769679300291545
0.0674927113702624
0.09504373177842565
0.07973760932944607
0.0868804664723032
0.0715743440233236
