-0.013570034389813182
0.004647272051305881
0.009201598661585644
-0.0038107630820708284
0.026768287015521888
0.41909099358676455
8.671530811413701
17.274653778232178
20.07101031694395
18.817269262942652
15.816618644855469
11.587601078167115
6.770424760665491
3.534250395018124
1.925922483502184
0.985128729435821
0.43470582767915233
0.11069802026210612
-0.11506645599033366
-0.23152709359605914
-0.2627567617808347
-0.22567153081141372
-0.15215168695975462
-0.09099358676456921
-0.05260711962078261
0.016358397620596706
0.07751649781578214
0.11915605539548282
0.15624128636490378
0.1679524119341946
0.17120550237010873
0.14387954270843015
0.14778325123152708
0.11134863834928894
0.09508318616971835
0.1119992564364718
0.09117947764662145
0.07881773399014776
0.07035969885677107
0.056046100938748955
0.017009015707779535
-0.028534250395018126
-0.03504043126684637
-0.09749976763639742
-0.0714750441490845
-0.12287387303652757
-0.08383678780555812
-0.08383678780555816
-0.08058369736964402
-0.1040059485082257
-0.10335533042104285
-0.08708987824147224
-0.11897016451343062
-0.12222325494934473
-0.0799330792824612
-0.1020540942466772
-0.09034296867738636
-0.09684914954921463
-0.08839111441583791
-0.08578864206710661
-0.08578864206710661
-0.10335533042104286
-0.09815038572358026
-0.09880100381076307
-0.08839111441583791
-0.09164420485175204
-0.07733060693372991
-0.08708987824147225
-0.06561948136443907
-0.047402174923320016
-0.02723301422065248
-0.0441490844874059
-0.02528115995910401
-0.022028069523189895
0.013105307184682589
0.021563342318059297
0.014406543359048236
-0.0012082907333395324
0.005297890138488702
0.017659633794962354
0.019611488056510827
0.024165814666790592
0.0033460358769402325
0.01700901570777953
0.033274467887350126
0.010502834835951293
0.004647272051305881
0.031973231712984475
0.024816432753973407
0.0013941816153917612
0.013755925271865407
0.005948508225671526
0.007900362487219998
0.023515196579607767
0.028720141277070354
0.013755925271865407
-0.001208290733339536
-0.01617250673854448
-0.0304861046565666
-0.04479970257458872
-0.026582396133469657
-0.05000464727205131
-0.06431824519007343
-0.08708987824147224
-0.07277628032345014
-0.08643926015428943
-0.08708987824147225
-0.07667998884654707
-0.09164420485175201
-0.080583697369644
-0.07277628032345013
-0.0721256622362673
-0.08513802397992377
-0.05195650153359978
-0.0688725718003532
-0.06561948136443908
-0.06952318988753602
-0.08123431545682684
-0.08839111441583791
-0.07993307928246118
-0.09554791337484894
-0.0909935867645692
-0.08123431545682684
-0.08774049632865508
-0.07342689841063296
-0.0773306069337299
-0.05455897388233107
-0.08643926015428943
-0.059763918579793664
-0.05260711962078261
-0.027883632307835304
-0.08839111441583791
-0.05325773770796543
-0.055860210056696724
-0.0714750441490845
-0.06692071753880473
-0.0961985314620318
-0.0825355516311925
-0.08708987824147224
-0.08383678780555814
-0.09229482293893487
-0.09749976763639744
-0.10270471233386001
-0.08383678780555816
-0.09164420485175204
-0.06952318988753602
-0.08774049632865508
-0.07407751649781577
-0.07212566223626732
-0.05325773770796543
-0.06106515475415931
-0.040895994051491774
-0.056510828143879546
-0.04479970257458872
-0.06692071753880473
-0.056510828143879546
-0.05325773770796543
-0.06692071753880473
-0.04675155683613719
-0.04479970257458872
-0.03178734083093225
-0.02723301422065248
-0.02332930569755554
-0.014871270564178833
-0.02332930569755554
-0.01096756204108189
0.017009015707779525
-0.0012082907333395335
0.02611766892833905
0.03392508597453295
0.03522632214889859
0.02741890510270471
0.02676828701552188
0.028720141277070357
0.013755925271865413
0.005948508225671533
-0.004461381169253653
-0.009015707779533418
0.0026954177897574034
-0.008365089692350593
-0.01747374291291013
-0.005762617343619302
-0.022028069523189895
-0.0031601449948880046
-0.014871270564178833
-0.031787340830932244
0.00920159866158564
0.009201598661585644
-0.020726833348824247
-0.02137745143600707
0.00269541778975741
-0.0057626173436193025
-0.0194255971744586
-0.014220652476996009
0.0007435635282089364
-0.010316943953899068
0.0026954177897574073
-0.0064132354308021194
0.026117668928339062
0.0007435635282089405
