-0.004788507581803668
0.013833466347432832
0.019420058526203782
-0.008512902367650968
0.023144453312051082
0.5836658685820697
10.37509976057462
19.162809257781326
22.33226922053738
20.92072359670125
17.553870710295293
13.15163607342378
8.233572758712423
3.9616919393455707
2.084596967278532
1.0529396115988297
0.45703644586326153
0.10880553338653898
-0.13141793030061186
-0.28039372173450383
-0.2841181165203511
-0.22638999733971804
-0.1407289172652301
-0.09976057462090981
-0.025272678903963817
-0.019686086725192866
0.07714817770683693
0.12928970470869913
0.14418728385208832
0.19446661346102684
0.20191540303272149
0.14604948124501196
0.1590848629954775
0.11066773077946263
0.10508113860069168
0.08273476988560788
0.07901037509976058
0.06969938813514233
0.06038840117052408
0.013833466347432835
-0.004788507581803674
0.01383346634743283
-0.042032455440276666
-0.06624102154828411
-0.05879223197658952
-0.10907156158552805
-0.09231178504921521
-0.060654429369513166
-0.13141793030061183
-0.15376429901569566
-0.13514232508645913
-0.16121308858739022
-0.1481777068369247
-0.15562649640861928
-0.14631550944400107
-0.10534716679968076
-0.15748869380154296
-0.11279595637137536
-0.06437882415536046
-0.13328012769353548
-0.1109337589784517
-0.1407289172652301
-0.1444533120510774
-0.15003990422984834
-0.114658153764299
-0.09417398244213886
-0.11465815376429901
-0.1295557329076882
-0.10162277201383346
-0.12769353551476456
-0.06624102154828412
-0.1034849694067571
-0.1109337589784517
-0.04017025804735302
-0.03085927108273477
-0.02527267890396382
-0.017823889332269218
-0.019686086725192866
-0.025272678903963817
0.006384676775738225
-0.004788507581803668
0.01010907156158553
-0.01782388933226922
-0.028997073689811127
0.017557861133280124
0.03245544027666932
0.03431763766959298
-0.001064112795956371
0.017557861133280134
-0.0010641127959563693
-0.008512902367650965
0.010109071561585536
-0.017823889332269225
0.0007980845969672774
0.01197126895450918
0.03617983506251663
0.019420058526203782
-0.03458366586858207
-0.008512902367650966
-0.02713487629688746
-0.010375099760574616
-0.023410481511040162
-0.03830806065442936
-0.09417398244213886
-0.06251662676243681
-0.10534716679968077
-0.10907156158552807
-0.08858739026336791
-0.09417398244213887
-0.09417398244213886
-0.09231178504921521
-0.09976057462090981
-0.07182761372705505
-0.07555200851290236
-0.11093375897845172
-0.08858739026336791
-0.08858739026336791
-0.06251662676243681
-0.07368981111997872
-0.06624102154828411
-0.07368981111997872
-0.1109337589784517
-0.09976057462090981
-0.11652035115722265
-0.12210694333599359
-0.08486299547752062
-0.07555200851290236
-0.11465815376429901
-0.10348496940675711
-0.10162277201383346
-0.07741420590582601
-0.042032455440276666
-0.07182761372705507
-0.08486299547752062
-0.05320563979781857
-0.06437882415536046
-0.021548284118116517
-0.09789837722798617
-0.10907156158552807
-0.06810321894120776
-0.07368981111997872
-0.11279595637137536
-0.09044958765629156
-0.09789837722798617
-0.09789837722798617
-0.10907156158552805
-0.07182761372705507
-0.11279595637137535
-0.09417398244213886
-0.07182761372705505
-0.06065442936951315
-0.07368981111997872
-0.1072093641926044
-0.055067837190742215
-0.06251662676243681
-0.05693003458366586
-0.06996541633413143
-0.02341048151104015
0.002660281989890933
-0.02341048151104017
-0.021548284118116517
0.002660281989890937
-0.03458366586858207
-0.02527267890396381
0.0063846767757382355
-0.036445863261505715
-0.03830806065442936
-0.012237297153498264
0.015695663740356487
0.006384676775738229
0.004522479382814582
0.06225059856344773
0.0063846767757382355
0.013833466347432837
0.04362862463421123
0.017557861133280128
0.03804203245544028
-0.002926310188880019
0.04362862463421123
0.011971268954509178
0.015695663740356487
0.030593242883745674
-0.006650704974727312
-0.056930034583665856
0.03431763766959298
-0.00851290236765097
-0.04948124501197126
0.025006650704974726
0.008246874168661874
0.017557861133280124
0.010109071561585525
-0.03272146847565842
-0.0029263101888800124
0.0026602819898909305
0.006384676775738232
-0.021548284118116517
0.006384676775738233
0.002660281989890929
0.02128225591912743
0.02686884809789838
