-0.006072227548737618
0.001757750079897729
-0.0015979546180888455
-0.0060722275487376165
0.019654841802492815
0.5588047299456695
10.266858421220837
18.747842761265577
22.007350591243206
20.571108980504953
17.22099712368169
12.764621284755512
7.898849472674977
4.042026206455737
2.207574304889741
1.2086928731224031
0.6102588686481304
0.2702141259188239
-0.02061361457334612
-0.16826462128475553
-0.20853307766059445
-0.22866730584851389
-0.21077021412591884
-0.17050175775007992
-0.046340683924576534
-0.018376478108021736
0.07446468520294024
0.11808884627676572
0.13263023330137425
0.1382230744646852
0.15723873441994246
0.17401725790987535
0.1091403004154682
0.06327900287631831
0.050974752317034196
0.062160434643656115
0.08676893576222434
0.10131032278683286
0.05321188878235858
0.03195909236177692
-0.03291786513263024
-0.0385107062959412
-0.062000639181847235
-0.06983061681048258
-0.10115052732502396
-0.1100990731863215
-0.10786193672099711
-0.14701182486417388
-0.16938318951741774
-0.12687759667625437
-0.13247043783956533
-0.12687759667625437
-0.1548418024928092
-0.08772770853307767
-0.07877916267178012
-0.10786193672099713
-0.10338766379034835
-0.159316075423458
-0.12128475551294343
-0.11681048258229465
-0.10115052732502397
-0.09332054969638863
-0.11904761904761905
-0.08101629913710451
-0.11681048258229466
-0.07206775327580697
-0.11792905081495686
-0.10338766379034835
-0.13358900607222754
-0.11121764141898369
-0.0989133908596996
-0.04745925215723872
-0.027325023969319264
-0.0015979546180888435
0.014062000639181851
-0.0015979546180888485
0.015180568871844042
0.039789069990412276
-0.006072227548737614
-0.017257909875359537
-0.018376478108021725
-0.025087887503994887
0.008469159475870885
-0.026206455736657083
0.016299137104506235
0.03195909236177693
0.028603387663790347
0.03195909236177692
-0.008309364014062
-0.011665068712048572
0.02972195589645254
0.021891978267817195
0.012943432406519663
-0.06423777564717162
-0.029562160434643665
-0.010546500479386382
0.008469159475870881
-0.018376478108021736
-0.017257909875359544
-0.02396931927133269
-0.07206775327580697
-0.08549057206775328
-0.06200063918184723
-0.10562480025567272
-0.14253755193352508
-0.13918184723553853
-0.14030041546820068
-0.10898050495365932
-0.08101629913710451
-0.08325343560242887
-0.07766059443911792
-0.0798977309044423
-0.08213486736976669
-0.07094918504314476
-0.07094918504314476
-0.05976350271652285
-0.0787791626717801
-0.08101629913710452
-0.0966762543943752
-0.066474912112496
-0.04857782038990093
-0.04410354745925217
-0.03962927452860338
-0.02844359220198146
-0.041866410993927766
-0.023969319271332695
-0.050814956855225316
-0.022850751038670503
-0.023969319271332695
-0.057526366251198474
-0.08884627676573985
-0.03291786513263024
-0.040747842761265585
-0.03403643336529243
-0.05752636625119846
-0.009427932246724188
-0.020613614573346116
-0.054170661553211874
-0.046340683924576534
-0.0832534356024289
-0.056407798018536265
-0.09220198146372643
-0.08325343560242887
-0.09108341323106424
-0.0933205496963886
-0.060882070949185046
-0.07430488974113134
-0.06423777564717162
-0.042984979226589975
-0.059763502716522844
-0.055289229785874076
-0.025087887503994887
-0.03515500159795462
-0.04410354745925216
-0.0530520933205497
-0.04186641099392777
-0.031799296899968035
-0.04410354745925215
-0.006072227548737615
-0.020613614573346116
-0.026206455736657083
-0.02061361457334612
-0.008309364014062001
0.017417705337168427
-0.004953659316075418
0.01853627356983062
0.012943432406519654
0.04426334292106104
0.049856184084372
0.04538191115372323
0.027484819431128155
0.03419622882710132
0.049856184084372
0.05656759348034516
0.04873761585170981
0.05433045701502077
0.07110898050495365
0.0655161393416427
0.050974752317034196
0.0643975711089805
0.03978906999041227
0.05209332054969638
0.07446468520294025
0.04202620645573665
0.05656759348034516
0.062160434643656115
0.035314797059763495
0.03867050175775009
0.037551933525087886
0.05768616171300735
0.034196228827101306
0.033077660594439125
0.03419622882710131
0.020773410035155
0.04426334292106104
0.049856184084372
0.029721955896452542
0.02748481943112815
0.03978906999041227
0.050974752317034196
