-0.028730305838739572
0.0
-0.010194624652455977
0.020389249304911955
0.0139017608897127
0.4531974050046339
8.443929564411492
17.054680259499538
20.07136237256719
18.83132530120482
15.801668211306765
11.55885078776645
6.734012974976831
3.4717330861909175
1.9193697868396664
0.9851714550509731
0.5644114921223355
0.30213160333642264
0.03985171455050973
-0.08619091751621873
-0.14828544949026876
-0.14087117701575533
-0.08433734939759036
-0.04633920296570898
0.015755329008341055
0.06672845227062095
0.14087117701575533
0.1686746987951807
0.2428174235403151
0.26042632066728455
0.2428174235403151
0.22150139017608897
0.20018535681186284
0.164967562557924
0.13438368860055608
0.16126042632066728
0.1380908248378128
0.1139944392956441
0.0732159406858202
0.021316033364226137
-0.02224281742354032
-0.061167747914735865
-0.06765523632993513
-0.058387395736793316
-0.07506950880444857
-0.08897126969416126
-0.07136237256719184
-0.07414272474513436
-0.06765523632993513
-0.082483781278962
-0.058387395736793316
-0.06765523632993513
-0.027803521779425397
-0.04911955514365153
-0.06209453197405004
-0.03985171455050973
-0.07970342910101945
-0.06858202038924929
-0.07414272474513438
-0.09916589434661724
-0.1056533827618165
-0.07692307692307691
-0.09916589434661724
-0.07506950880444857
-0.050046339202965695
-0.04077849860982391
-0.06209453197405004
-0.06672845227062095
-0.012048192771084328
-0.0027803521779425394
0.009267840593141797
0.03521779425393883
0.03521779425393883
0.025949953660797033
0.037998146431881374
0.0685820203892493
0.05189990732159407
0.05375347544022243
0.04355885078776646
0.04819277108433736
0.04819277108433735
0.05838739573679333
0.06209453197405004
0.061167747914735865
0.05468025949953661
0.061167747914735865
0.05004633920296571
0.04911955514365153
0.033364226135310475
0.042632066728452274
0.04633920296570899
0.033364226135310475
0.04355885078776645
0.033364226135310475
0.02965708989805375
0.007414272474513442
0.018535681186283594
0.019462465245597776
-0.008341056533827612
-0.05282669138090824
-0.07784986098239109
-0.02780352177942539
-0.07877664504170528
-0.04263206672845227
-0.07692307692307693
-0.057460611677479144
-0.08155699721964782
-0.052826691380908244
-0.05097312326227988
-0.07599629286376275
-0.03151065801668211
-0.052826691380908244
-0.01760889712696941
-0.014828544949026874
-0.06209453197405004
-0.03707136237256718
-0.028730305838739572
-0.027803521779425393
-0.023169601482854494
-0.050973123262279874
-0.03614457831325301
-0.0018535681186283555
-0.010194624652455981
-0.01760889712696941
-0.023169601482854494
-0.023169601482854494
-0.0092678405931418
-0.012974976830398511
-0.025023169601482848
-0.0139017608897127
-0.022242817423540315
-0.005560704355885075
-0.027803521779425387
-0.0454124189063948
-0.02224281742354031
-0.037998146431881374
-0.040778498609823896
-0.033364226135310475
-0.023169601482854494
-0.039851714550509724
-0.04170528266913809
-0.025949953660797033
-0.03151065801668211
-0.027803521779425393
-0.02780352177942539
-0.025023169601482854
-0.03429101019462465
0.0
-0.0009267840593141782
0.005560704355885079
-0.03429101019462465
-0.0037071362372567145
0.0037071362372567175
-0.015755329008341055
-0.011121408711770156
0.021316033364226137
0.028730305838739575
0.03243744207599629
0.03985171455050973
0.04355885078776645
0.10009267840593143
0.07414272474513438
0.09267840593141798
0.08063021316033364
0.0871177015755329
0.08989805375347544
0.04819277108433735
0.08063021316033364
0.08526413345690455
0.07414272474513438
0.0778498609823911
0.09731232622798888
0.07414272474513438
0.07692307692307693
0.05468025949953661
0.03707136237256718
0.0871177015755329
0.060240963855421686
0.07043558850787766
0.06487488415199258
0.08063021316033364
0.06672845227062095
0.05560704355885079
0.047265987025023166
0.042632066728452274
0.0732159406858202
0.06487488415199258
0.03707136237256719
0.061167747914735865
0.06580166821130677
0.06580166821130677
0.0695088044485635
0.06209453197405004
0.0871177015755329
0.04355885078776645
0.0593141797961075
0.08526413345690455
0.06672845227062095
0.0732159406858202
0.0685820203892493
